0
1
44
0
44
43
1
2
45
1
45
44
2
3
46
2
46
45
3
4
47
3
47
46
4
5
48
4
48
47
5
6
49
5
49
48
6
7
50
6
50
49
7
8
51
7
51
50
8
9
52
8
52
51
9
10
53
9
53
52
10
11
54
10
54
53
11
12
55
11
55
54
12
13
56
12
56
55
13
14
57
13
57
56
14
15
58
14
58
57
15
16
59
15
59
58
16
17
60
16
60
59
17
18
61
17
61
60
18
19
62
18
62
61
19
20
63
19
63
62
20
21
64
20
64
63
21
22
65
21
65
64
22
23
66
22
66
65
23
24
67
23
67
66
24
25
68
24
68
67
25
26
69
25
69
68
26
27
70
26
70
69
27
28
71
27
71
70
28
29
72
28
72
71
29
30
73
29
73
72
30
31
74
30
74
73
31
32
75
31
75
74
32
33
76
32
76
75
33
34
77
33
77
76
34
35
78
34
78
77
35
36
79
35
79
78
36
37
80
36
80
79
37
38
81
37
81
80
38
39
82
38
82
81
39
40
83
39
83
82
40
41
84
40
84
83
41
42
85
41
85
84
43
44
87
43
87
86
44
45
88
44
88
87
45
46
89
45
89
88
46
47
90
46
90
89
47
48
91
47
91
90
48
49
92
48
92
91
49
50
93
49
93
92
50
51
94
50
94
93
51
52
95
51
95
94
52
53
96
52
96
95
53
54
97
53
97
96
54
55
98
54
98
97
55
56
99
55
99
98
56
57
100
56
100
99
57
58
101
57
101
100
58
59
102
58
102
101
59
60
103
59
103
102
60
61
104
60
104
103
61
62
105
61
105
104
62
63
106
62
106
105
63
64
107
63
107
106
64
65
108
64
108
107
65
66
109
65
109
108
66
67
110
66
110
109
67
68
111
67
111
110
68
69
112
68
112
111
69
70
113
69
113
112
70
71
114
70
114
113
71
72
115
71
115
114
72
73
116
72
116
115
73
74
117
73
117
116
74
75
118
74
118
117
75
76
119
75
119
118
76
77
120
76
120
119
77
78
121
77
121
120
78
79
122
78
122
121
79
80
123
79
123
122
80
81
124
80
124
123
81
82
125
81
125
124
82
83
126
82
126
125
83
84
127
83
127
126
84
85
128
84
128
127
86
87
130
86
130
129
87
88
131
87
131
130
88
89
132
88
132
131
89
90
133
89
133
132
90
91
134
90
134
133
91
92
135
91
135
134
92
93
136
92
136
135
93
94
137
93
137
136
94
95
138
94
138
137
95
96
139
95
139
138
96
97
140
96
140
139
97
98
141
97
141
140
98
99
142
98
142
141
99
100
143
99
143
142
100
101
144
100
144
143
101
102
145
101
145
144
102
103
146
102
146
145
103
104
147
103
147
146
104
105
148
104
148
147
105
106
149
105
149
148
106
107
150
106
150
149
107
108
151
107
151
150
108
109
152
108
152
151
109
110
153
109
153
152
110
111
154
110
154
153
111
112
155
111
155
154
112
113
156
112
156
155
113
114
157
113
157
156
114
115
158
114
158
157
115
116
159
115
159
158
116
117
160
116
160
159
117
118
161
117
161
160
118
119
162
118
162
161
119
120
163
119
163
162
120
121
164
120
164
163
121
122
165
121
165
164
122
123
166
122
166
165
123
124
167
123
167
166
124
125
168
124
168
167
125
126
169
125
169
168
126
127
170
126
170
169
127
128
171
127
171
170
129
130
173
129
173
172
130
131
174
130
174
173
131
132
175
131
175
174
132
133
176
132
176
175
133
134
177
133
177
176
134
135
178
134
178
177
135
136
179
135
179
178
136
137
180
136
180
179
137
138
181
137
181
180
138
139
182
138
182
181
139
140
183
139
183
182
140
141
184
140
184
183
141
142
185
141
185
184
142
143
186
142
186
185
143
144
187
143
187
186
144
145
188
144
188
187
145
146
189
145
189
188
146
147
190
146
190
189
147
148
191
147
191
190
148
149
192
148
192
191
149
150
193
149
193
192
150
151
194
150
194
193
151
152
195
151
195
194
152
153
196
152
196
195
153
154
197
153
197
196
154
155
198
154
198
197
155
156
199
155
199
198
156
157
200
156
200
199
157
158
201
157
201
200
158
159
202
158
202
201
159
160
203
159
203
202
160
161
204
160
204
203
161
162
205
161
205
204
162
163
206
162
206
205
163
164
207
163
207
206
164
165
208
164
208
207
165
166
209
165
209
208
166
167
210
166
210
209
167
168
211
167
211
210
168
169
212
168
212
211
169
170
213
169
213
212
170
171
214
170
214
213
172
173
216
172
216
215
173
174
217
173
217
216
174
175
218
174
218
217
175
176
219
175
219
218
176
177
220
176
220
219
177
178
221
177
221
220
178
179
222
178
222
221
179
180
223
179
223
222
180
181
224
180
224
223
181
182
225
181
225
224
182
183
226
182
226
225
183
184
227
183
227
226
184
185
228
184
228
227
185
186
229
185
229
228
186
187
230
186
230
229
187
188
231
187
231
230
188
189
232
188
232
231
189
190
233
189
233
232
190
191
234
190
234
233
191
192
235
191
235
234
192
193
236
192
236
235
193
194
237
193
237
236
194
195
238
194
238
237
195
196
239
195
239
238
196
197
240
196
240
239
197
198
241
197
241
240
198
199
242
198
242
241
199
200
243
199
243
242
200
201
244
200
244
243
201
202
245
201
245
244
202
203
246
202
246
245
203
204
247
203
247
246
204
205
248
204
248
247
205
206
249
205
249
248
206
207
250
206
250
249
207
208
251
207
251
250
208
209
252
208
252
251
209
210
253
209
253
252
210
211
254
210
254
253
211
212
255
211
255
254
212
213
256
212
256
255
213
214
257
213
257
256
215
216
259
215
259
258
216
217
260
216
260
259
217
218
261
217
261
260
218
219
262
218
262
261
219
220
263
219
263
262
220
221
264
220
264
263
221
222
265
221
265
264
222
223
266
222
266
265
223
224
267
223
267
266
224
225
268
224
268
267
225
226
269
225
269
268
226
227
270
226
270
269
227
228
271
227
271
270
228
229
272
228
272
271
229
230
273
229
273
272
230
231
274
230
274
273
231
232
275
231
275
274
232
233
276
232
276
275
233
234
277
233
277
276
234
235
278
234
278
277
235
236
279
235
279
278
236
237
280
236
280
279
237
238
281
237
281
280
238
239
282
238
282
281
239
240
283
239
283
282
240
241
284
240
284
283
241
242
285
241
285
284
242
243
286
242
286
285
243
244
287
243
287
286
244
245
288
244
288
287
245
246
289
245
289
288
246
247
290
246
290
289
247
248
291
247
291
290
248
249
292
248
292
291
249
250
293
249
293
292
250
251
294
250
294
293
251
252
295
251
295
294
252
253
296
252
296
295
253
254
297
253
297
296
254
255
298
254
298
297
255
256
299
255
299
298
256
257
300
256
300
299
258
259
302
258
302
301
259
260
303
259
303
302
260
261
304
260
304
303
261
262
305
261
305
304
262
263
306
262
306
305
263
264
307
263
307
306
264
265
308
264
308
307
265
266
309
265
309
308
266
267
310
266
310
309
267
268
311
267
311
310
268
269
312
268
312
311
269
270
313
269
313
312
270
271
314
270
314
313
271
272
315
271
315
314
272
273
316
272
316
315
273
274
317
273
317
316
274
275
318
274
318
317
275
276
319
275
319
318
276
277
320
276
320
319
277
278
321
277
321
320
278
279
322
278
322
321
279
280
323
279
323
322
280
281
324
280
324
323
281
282
325
281
325
324
282
283
326
282
326
325
283
284
327
283
327
326
284
285
328
284
328
327
285
286
329
285
329
328
286
287
330
286
330
329
287
288
331
287
331
330
288
289
332
288
332
331
289
290
333
289
333
332
290
291
334
290
334
333
291
292
335
291
335
334
292
293
336
292
336
335
293
294
337
293
337
336
294
295
338
294
338
337
295
296
339
295
339
338
296
297
340
296
340
339
297
298
341
297
341
340
298
299
342
298
342
341
299
300
343
299
343
342
301
302
345
301
345
344
302
303
346
302
346
345
303
304
347
303
347
346
304
305
348
304
348
347
305
306
349
305
349
348
306
307
350
306
350
349
307
308
351
307
351
350
308
309
352
308
352
351
309
310
353
309
353
352
310
311
354
310
354
353
311
312
355
311
355
354
312
313
356
312
356
355
313
314
357
313
357
356
314
315
358
314
358
357
315
316
359
315
359
358
316
317
360
316
360
359
317
318
361
317
361
360
318
319
362
318
362
361
319
320
363
319
363
362
320
321
364
320
364
363
321
322
365
321
365
364
322
323
366
322
366
365
323
324
367
323
367
366
324
325
368
324
368
367
325
326
369
325
369
368
326
327
370
326
370
369
327
328
371
327
371
370
328
329
372
328
372
371
329
330
373
329
373
372
330
331
374
330
374
373
331
332
375
331
375
374
332
333
376
332
376
375
333
334
377
333
377
376
334
335
378
334
378
377
335
336
379
335
379
378
336
337
380
336
380
379
337
338
381
337
381
380
338
339
382
338
382
381
339
340
383
339
383
382
340
341
384
340
384
383
341
342
385
341
385
384
342
343
386
342
386
385
344
345
388
344
388
387
345
346
389
345
389
388
346
347
390
346
390
389
347
348
391
347
391
390
348
349
392
348
392
391
349
350
393
349
393
392
350
351
394
350
394
393
351
352
395
351
395
394
352
353
396
352
396
395
353
354
397
353
397
396
354
355
398
354
398
397
355
356
399
355
399
398
356
357
400
356
400
399
357
358
401
357
401
400
358
359
402
358
402
401
359
360
403
359
403
402
360
361
404
360
404
403
361
362
405
361
405
404
362
363
406
362
406
405
363
364
407
363
407
406
364
365
408
364
408
407
365
366
409
365
409
408
366
367
410
366
410
409
367
368
411
367
411
410
368
369
412
368
412
411
369
370
413
369
413
412
370
371
414
370
414
413
371
372
415
371
415
414
372
373
416
372
416
415
373
374
417
373
417
416
374
375
418
374
418
417
375
376
419
375
419
418
376
377
420
376
420
419
377
378
421
377
421
420
378
379
422
378
422
421
379
380
423
379
423
422
380
381
424
380
424
423
381
382
425
381
425
424
382
383
426
382
426
425
383
384
427
383
427
426
384
385
428
384
428
427
385
386
429
385
429
428
387
388
431
387
431
430
388
389
432
388
432
431
389
390
433
389
433
432
390
391
434
390
434
433
391
392
435
391
435
434
392
393
436
392
436
435
393
394
437
393
437
436
394
395
438
394
438
437
395
396
439
395
439
438
396
397
440
396
440
439
397
398
441
397
441
440
398
399
442
398
442
441
399
400
443
399
443
442
400
401
444
400
444
443
401
402
445
401
445
444
402
403
446
402
446
445
403
404
447
403
447
446
404
405
448
404
448
447
405
406
449
405
449
448
406
407
450
406
450
449
407
408
451
407
451
450
408
409
452
408
452
451
409
410
453
409
453
452
410
411
454
410
454
453
411
412
455
411
455
454
412
413
456
412
456
455
413
414
457
413
457
456
414
415
458
414
458
457
415
416
459
415
459
458
416
417
460
416
460
459
417
418
461
417
461
460
418
419
462
418
462
461
419
420
463
419
463
462
420
421
464
420
464
463
421
422
465
421
465
464
422
423
466
422
466
465
423
424
467
423
467
466
424
425
468
424
468
467
425
426
469
425
469
468
426
427
470
426
470
469
427
428
471
427
471
470
428
429
472
428
472
471
430
431
474
430
474
473
431
432
475
431
475
474
432
433
476
432
476
475
433
434
477
433
477
476
434
435
478
434
478
477
435
436
479
435
479
478
436
437
480
436
480
479
437
438
481
437
481
480
438
439
482
438
482
481
439
440
483
439
483
482
440
441
484
440
484
483
441
442
485
441
485
484
442
443
486
442
486
485
443
444
487
443
487
486
444
445
488
444
488
487
445
446
489
445
489
488
446
447
490
446
490
489
447
448
491
447
491
490
448
449
492
448
492
491
449
450
493
449
493
492
450
451
494
450
494
493
451
452
495
451
495
494
452
453
496
452
496
495
453
454
497
453
497
496
454
455
498
454
498
497
455
456
499
455
499
498
456
457
500
456
500
499
457
458
501
457
501
500
458
459
502
458
502
501
459
460
503
459
503
502
460
461
504
460
504
503
461
462
505
461
505
504
462
463
506
462
506
505
463
464
507
463
507
506
464
465
508
464
508
507
465
466
509
465
509
508
466
467
510
466
510
509
467
468
511
467
511
510
468
469
512
468
512
511
469
470
513
469
513
512
470
471
514
470
514
513
471
472
515
471
515
514
473
474
517
473
517
516
474
475
518
474
518
517
475
476
519
475
519
518
476
477
520
476
520
519
477
478
521
477
521
520
478
479
522
478
522
521
479
480
523
479
523
522
480
481
524
480
524
523
481
482
525
481
525
524
482
483
526
482
526
525
483
484
527
483
527
526
484
485
528
484
528
527
485
486
529
485
529
528
486
487
530
486
530
529
487
488
531
487
531
530
488
489
532
488
532
531
489
490
533
489
533
532
490
491
534
490
534
533
491
492
535
491
535
534
492
493
536
492
536
535
493
494
537
493
537
536
494
495
538
494
538
537
495
496
539
495
539
538
496
497
540
496
540
539
497
498
541
497
541
540
498
499
542
498
542
541
499
500
543
499
543
542
500
501
544
500
544
543
501
502
545
501
545
544
502
503
546
502
546
545
503
504
547
503
547
546
504
505
548
504
548
547
505
506
549
505
549
548
506
507
550
506
550
549
507
508
551
507
551
550
508
509
552
508
552
551
509
510
553
509
553
552
510
511
554
510
554
553
511
512
555
511
555
554
512
513
556
512
556
555
513
514
557
513
557
556
514
515
558
514
558
557
516
517
560
516
560
559
517
518
561
517
561
560
518
519
562
518
562
561
519
520
563
519
563
562
520
521
564
520
564
563
521
522
565
521
565
564
522
523
566
522
566
565
523
524
567
523
567
566
524
525
568
524
568
567
525
526
569
525
569
568
526
527
570
526
570
569
527
528
571
527
571
570
528
529
572
528
572
571
529
530
573
529
573
572
530
531
574
530
574
573
531
532
575
531
575
574
532
533
576
532
576
575
533
534
577
533
577
576
534
535
578
534
578
577
535
536
579
535
579
578
536
537
580
536
580
579
537
538
581
537
581
580
538
539
582
538
582
581
539
540
583
539
583
582
540
541
584
540
584
583
541
542
585
541
585
584
542
543
586
542
586
585
543
544
587
543
587
586
544
545
588
544
588
587
545
546
589
545
589
588
546
547
590
546
590
589
547
548
591
547
591
590
548
549
592
548
592
591
549
550
593
549
593
592
550
551
594
550
594
593
551
552
595
551
595
594
552
553
596
552
596
595
553
554
597
553
597
596
554
555
598
554
598
597
555
556
599
555
599
598
556
557
600
556
600
599
557
558
601
557
601
600
559
560
603
559
603
602
560
561
604
560
604
603
561
562
605
561
605
604
562
563
606
562
606
605
563
564
607
563
607
606
564
565
608
564
608
607
565
566
609
565
609
608
566
567
610
566
610
609
567
568
611
567
611
610
568
569
612
568
612
611
569
570
613
569
613
612
570
571
614
570
614
613
571
572
615
571
615
614
572
573
616
572
616
615
573
574
617
573
617
616
574
575
618
574
618
617
575
576
619
575
619
618
576
577
620
576
620
619
577
578
621
577
621
620
578
579
622
578
622
621
579
580
623
579
623
622
580
581
624
580
624
623
581
582
625
581
625
624
582
583
626
582
626
625
583
584
627
583
627
626
584
585
628
584
628
627
585
586
629
585
629
628
586
587
630
586
630
629
587
588
631
587
631
630
588
589
632
588
632
631
589
590
633
589
633
632
590
591
634
590
634
633
591
592
635
591
635
634
592
593
636
592
636
635
593
594
637
593
637
636
594
595
638
594
638
637
595
596
639
595
639
638
596
597
640
596
640
639
597
598
641
597
641
640
598
599
642
598
642
641
599
600
643
599
643
642
600
601
644
600
644
643
602
603
646
602
646
645
603
604
647
603
647
646
604
605
648
604
648
647
605
606
649
605
649
648
606
607
650
606
650
649
607
608
651
607
651
650
608
609
652
608
652
651
609
610
653
609
653
652
610
611
654
610
654
653
611
612
655
611
655
654
612
613
656
612
656
655
613
614
657
613
657
656
614
615
658
614
658
657
615
616
659
615
659
658
616
617
660
616
660
659
617
618
661
617
661
660
618
619
662
618
662
661
619
620
663
619
663
662
620
621
664
620
664
663
621
622
665
621
665
664
622
623
666
622
666
665
623
624
667
623
667
666
624
625
668
624
668
667
625
626
669
625
669
668
626
627
670
626
670
669
627
628
671
627
671
670
628
629
672
628
672
671
629
630
673
629
673
672
630
631
674
630
674
673
631
632
675
631
675
674
632
633
676
632
676
675
633
634
677
633
677
676
634
635
678
634
678
677
635
636
679
635
679
678
636
637
680
636
680
679
637
638
681
637
681
680
638
639
682
638
682
681
639
640
683
639
683
682
640
641
684
640
684
683
641
642
685
641
685
684
642
643
686
642
686
685
643
644
687
643
687
686
645
646
689
645
689
688
646
647
690
646
690
689
647
648
691
647
691
690
648
649
692
648
692
691
649
650
693
649
693
692
650
651
694
650
694
693
651
652
695
651
695
694
652
653
696
652
696
695
653
654
697
653
697
696
654
655
698
654
698
697
655
656
699
655
699
698
656
657
700
656
700
699
657
658
701
657
701
700
658
659
702
658
702
701
659
660
703
659
703
702
660
661
704
660
704
703
661
662
705
661
705
704
662
663
706
662
706
705
663
664
707
663
707
706
664
665
708
664
708
707
665
666
709
665
709
708
666
667
710
666
710
709
667
668
711
667
711
710
668
669
712
668
712
711
669
670
713
669
713
712
670
671
714
670
714
713
671
672
715
671
715
714
672
673
716
672
716
715
673
674
717
673
717
716
674
675
718
674
718
717
675
676
719
675
719
718
676
677
720
676
720
719
677
678
721
677
721
720
678
679
722
678
722
721
679
680
723
679
723
722
680
681
724
680
724
723
681
682
725
681
725
724
682
683
726
682
726
725
683
684
727
683
727
726
684
685
728
684
728
727
685
686
729
685
729
728
686
687
730
686
730
729
688
689
732
688
732
731
689
690
733
689
733
732
690
691
734
690
734
733
691
692
735
691
735
734
692
693
736
692
736
735
693
694
737
693
737
736
694
695
738
694
738
737
695
696
739
695
739
738
696
697
740
696
740
739
697
698
741
697
741
740
698
699
742
698
742
741
699
700
743
699
743
742
700
701
744
700
744
743
701
702
745
701
745
744
702
703
746
702
746
745
703
704
747
703
747
746
704
705
748
704
748
747
705
706
749
705
749
748
706
707
750
706
750
749
707
708
751
707
751
750
708
709
752
708
752
751
709
710
753
709
753
752
710
711
754
710
754
753
711
712
755
711
755
754
712
713
756
712
756
755
713
714
757
713
757
756
714
715
758
714
758
757
715
716
759
715
759
758
716
717
760
716
760
759
717
718
761
717
761
760
718
719
762
718
762
761
719
720
763
719
763
762
720
721
764
720
764
763
721
722
765
721
765
764
722
723
766
722
766
765
723
724
767
723
767
766
724
725
768
724
768
767
725
726
769
725
769
768
726
727
770
726
770
769
727
728
771
727
771
770
728
729
772
728
772
771
729
730
773
729
773
772
731
732
775
731
775
774
732
733
776
732
776
775
733
734
777
733
777
776
734
735
778
734
778
777
735
736
779
735
779
778
736
737
780
736
780
779
737
738
781
737
781
780
738
739
782
738
782
781
739
740
783
739
783
782
740
741
784
740
784
783
741
742
785
741
785
784
742
743
786
742
786
785
743
744
787
743
787
786
744
745
788
744
788
787
745
746
789
745
789
788
746
747
790
746
790
789
747
748
791
747
791
790
748
749
792
748
792
791
749
750
793
749
793
792
750
751
794
750
794
793
751
752
795
751
795
794
752
753
796
752
796
795
753
754
797
753
797
796
754
755
798
754
798
797
755
756
799
755
799
798
756
757
800
756
800
799
757
758
801
757
801
800
758
759
802
758
802
801
759
760
803
759
803
802
760
761
804
760
804
803
761
762
805
761
805
804
762
763
806
762
806
805
763
764
807
763
807
806
764
765
808
764
808
807
765
766
809
765
809
808
766
767
810
766
810
809
767
768
811
767
811
810
768
769
812
768
812
811
769
770
813
769
813
812
770
771
814
770
814
813
771
772
815
771
815
814
772
773
816
772
816
815
774
775
818
774
818
817
775
776
819
775
819
818
776
777
820
776
820
819
777
778
821
777
821
820
778
779
822
778
822
821
779
780
823
779
823
822
780
781
824
780
824
823
781
782
825
781
825
824
782
783
826
782
826
825
783
784
827
783
827
826
784
785
828
784
828
827
785
786
829
785
829
828
786
787
830
786
830
829
787
788
831
787
831
830
788
789
832
788
832
831
789
790
833
789
833
832
790
791
834
790
834
833
791
792
835
791
835
834
792
793
836
792
836
835
793
794
837
793
837
836
794
795
838
794
838
837
795
796
839
795
839
838
796
797
840
796
840
839
797
798
841
797
841
840
798
799
842
798
842
841
799
800
843
799
843
842
800
801
844
800
844
843
801
802
845
801
845
844
802
803
846
802
846
845
803
804
847
803
847
846
804
805
848
804
848
847
805
806
849
805
849
848
806
807
850
806
850
849
807
808
851
807
851
850
808
809
852
808
852
851
809
810
853
809
853
852
810
811
854
810
854
853
811
812
855
811
855
854
812
813
856
812
856
855
813
814
857
813
857
856
814
815
858
814
858
857
815
816
859
815
859
858
817
818
861
817
861
860
818
819
862
818
862
861
819
820
863
819
863
862
820
821
864
820
864
863
821
822
865
821
865
864
822
823
866
822
866
865
823
824
867
823
867
866
824
825
868
824
868
867
825
826
869
825
869
868
826
827
870
826
870
869
827
828
871
827
871
870
828
829
872
828
872
871
829
830
873
829
873
872
830
831
874
830
874
873
831
832
875
831
875
874
832
833
876
832
876
875
833
834
877
833
877
876
834
835
878
834
878
877
835
836
879
835
879
878
836
837
880
836
880
879
837
838
881
837
881
880
838
839
882
838
882
881
839
840
883
839
883
882
840
841
884
840
884
883
841
842
885
841
885
884
842
843
886
842
886
885
843
844
887
843
887
886
844
845
888
844
888
887
845
846
889
845
889
888
846
847
890
846
890
889
847
848
891
847
891
890
848
849
892
848
892
891
849
850
893
849
893
892
850
851
894
850
894
893
851
852
895
851
895
894
852
853
896
852
896
895
853
854
897
853
897
896
854
855
898
854
898
897
855
856
899
855
899
898
856
857
900
856
900
899
857
858
901
857
901
900
858
859
902
858
902
901
860
861
904
860
904
903
861
862
905
861
905
904
862
863
906
862
906
905
863
864
907
863
907
906
864
865
908
864
908
907
865
866
909
865
909
908
866
867
910
866
910
909
867
868
911
867
911
910
868
869
912
868
912
911
869
870
913
869
913
912
870
871
914
870
914
913
871
872
915
871
915
914
872
873
916
872
916
915
873
874
917
873
917
916
874
875
918
874
918
917
875
876
919
875
919
918
876
877
920
876
920
919
877
878
921
877
921
920
878
879
922
878
922
921
879
880
923
879
923
922
880
881
924
880
924
923
881
882
925
881
925
924
882
883
926
882
926
925
883
884
927
883
927
926
884
885
928
884
928
927
885
886
929
885
929
928
886
887
930
886
930
929
887
888
931
887
931
930
888
889
932
888
932
931
889
890
933
889
933
932
890
891
934
890
934
933
891
892
935
891
935
934
892
893
936
892
936
935
893
894
937
893
937
936
894
895
938
894
938
937
895
896
939
895
939
938
896
897
940
896
940
939
897
898
941
897
941
940
898
899
942
898
942
941
899
900
943
899
943
942
900
901
944
900
944
943
901
902
945
901
945
944
903
904
947
903
947
946
904
905
948
904
948
947
905
906
949
905
949
948
906
907
950
906
950
949
907
908
951
907
951
950
908
909
952
908
952
951
909
910
953
909
953
952
910
911
954
910
954
953
911
912
955
911
955
954
912
913
956
912
956
955
913
914
957
913
957
956
914
915
958
914
958
957
915
916
959
915
959
958
916
917
960
916
960
959
917
918
961
917
961
960
918
919
962
918
962
961
919
920
963
919
963
962
920
921
964
920
964
963
921
922
965
921
965
964
922
923
966
922
966
965
923
924
967
923
967
966
924
925
968
924
968
967
925
926
969
925
969
968
926
927
970
926
970
969
927
928
971
927
971
970
928
929
972
928
972
971
929
930
973
929
973
972
930
931
974
930
974
973
931
932
975
931
975
974
932
933
976
932
976
975
933
934
977
933
977
976
934
935
978
934
978
977
935
936
979
935
979
978
936
937
980
936
980
979
937
938
981
937
981
980
938
939
982
938
982
981
939
940
983
939
983
982
940
941
984
940
984
983
941
942
985
941
985
984
942
943
986
942
986
985
943
944
987
943
987
986
944
945
988
944
988
987
946
947
990
946
990
989
947
948
991
947
991
990
948
949
992
948
992
991
949
950
993
949
993
992
950
951
994
950
994
993
951
952
995
951
995
994
952
953
996
952
996
995
953
954
997
953
997
996
954
955
998
954
998
997
955
956
999
955
999
998
956
957
1000
956
1000
999
957
958
1001
957
1001
1000
958
959
1002
958
1002
1001
959
960
1003
959
1003
1002
960
961
1004
960
1004
1003
961
962
1005
961
1005
1004
962
963
1006
962
1006
1005
963
964
1007
963
1007
1006
964
965
1008
964
1008
1007
965
966
1009
965
1009
1008
966
967
1010
966
1010
1009
967
968
1011
967
1011
1010
968
969
1012
968
1012
1011
969
970
1013
969
1013
1012
970
971
1014
970
1014
1013
971
972
1015
971
1015
1014
972
973
1016
972
1016
1015
973
974
1017
973
1017
1016
974
975
1018
974
1018
1017
975
976
1019
975
1019
1018
976
977
1020
976
1020
1019
977
978
1021
977
1021
1020
978
979
1022
978
1022
1021
979
980
1023
979
1023
1022
980
981
1024
980
1024
1023
981
982
1025
981
1025
1024
982
983
1026
982
1026
1025
983
984
1027
983
1027
1026
984
985
1028
984
1028
1027
985
986
1029
985
1029
1028
986
987
1030
986
1030
1029
987
988
1031
987
1031
1030
989
990
1033
989
1033
1032
990
991
1034
990
1034
1033
991
992
1035
991
1035
1034
992
993
1036
992
1036
1035
993
994
1037
993
1037
1036
994
995
1038
994
1038
1037
995
996
1039
995
1039
1038
996
997
1040
996
1040
1039
997
998
1041
997
1041
1040
998
999
1042
998
1042
1041
999
1000
1043
999
1043
1042
1000
1001
1044
1000
1044
1043
1001
1002
1045
1001
1045
1044
1002
1003
1046
1002
1046
1045
1003
1004
1047
1003
1047
1046
1004
1005
1048
1004
1048
1047
1005
1006
1049
1005
1049
1048
1006
1007
1050
1006
1050
1049
1007
1008
1051
1007
1051
1050
1008
1009
1052
1008
1052
1051
1009
1010
1053
1009
1053
1052
1010
1011
1054
1010
1054
1053
1011
1012
1055
1011
1055
1054
1012
1013
1056
1012
1056
1055
1013
1014
1057
1013
1057
1056
1014
1015
1058
1014
1058
1057
1015
1016
1059
1015
1059
1058
1016
1017
1060
1016
1060
1059
1017
1018
1061
1017
1061
1060
1018
1019
1062
1018
1062
1061
1019
1020
1063
1019
1063
1062
1020
1021
1064
1020
1064
1063
1021
1022
1065
1021
1065
1064
1022
1023
1066
1022
1066
1065
1023
1024
1067
1023
1067
1066
1024
1025
1068
1024
1068
1067
1025
1026
1069
1025
1069
1068
1026
1027
1070
1026
1070
1069
1027
1028
1071
1027
1071
1070
1028
1029
1072
1028
1072
1071
1029
1030
1073
1029
1073
1072
1030
1031
1074
1030
1074
1073
1032
1033
1076
1032
1076
1075
1033
1034
1077
1033
1077
1076
1034
1035
1078
1034
1078
1077
1035
1036
1079
1035
1079
1078
1036
1037
1080
1036
1080
1079
1037
1038
1081
1037
1081
1080
1038
1039
1082
1038
1082
1081
1039
1040
1083
1039
1083
1082
1040
1041
1084
1040
1084
1083
1041
1042
1085
1041
1085
1084
1042
1043
1086
1042
1086
1085
1043
1044
1087
1043
1087
1086
1044
1045
1088
1044
1088
1087
1045
1046
1089
1045
1089
1088
1046
1047
1090
1046
1090
1089
1047
1048
1091
1047
1091
1090
1048
1049
1092
1048
1092
1091
1049
1050
1093
1049
1093
1092
1050
1051
1094
1050
1094
1093
1051
1052
1095
1051
1095
1094
1052
1053
1096
1052
1096
1095
1053
1054
1097
1053
1097
1096
1054
1055
1098
1054
1098
1097
1055
1056
1099
1055
1099
1098
1056
1057
1100
1056
1100
1099
1057
1058
1101
1057
1101
1100
1058
1059
1102
1058
1102
1101
1059
1060
1103
1059
1103
1102
1060
1061
1104
1060
1104
1103
1061
1062
1105
1061
1105
1104
1062
1063
1106
1062
1106
1105
1063
1064
1107
1063
1107
1106
1064
1065
1108
1064
1108
1107
1065
1066
1109
1065
1109
1108
1066
1067
1110
1066
1110
1109
1067
1068
1111
1067
1111
1110
1068
1069
1112
1068
1112
1111
1069
1070
1113
1069
1113
1112
1070
1071
1114
1070
1114
1113
1071
1072
1115
1071
1115
1114
1072
1073
1116
1072
1116
1115
1073
1074
1117
1073
1117
1116
1075
1076
1119
1075
1119
1118
1076
1077
1120
1076
1120
1119
1077
1078
1121
1077
1121
1120
1078
1079
1122
1078
1122
1121
1079
1080
1123
1079
1123
1122
1080
1081
1124
1080
1124
1123
1081
1082
1125
1081
1125
1124
1082
1083
1126
1082
1126
1125
1083
1084
1127
1083
1127
1126
1084
1085
1128
1084
1128
1127
1085
1086
1129
1085
1129
1128
1086
1087
1130
1086
1130
1129
1087
1088
1131
1087
1131
1130
1088
1089
1132
1088
1132
1131
1089
1090
1133
1089
1133
1132
1090
1091
1134
1090
1134
1133
1091
1092
1135
1091
1135
1134
1092
1093
1136
1092
1136
1135
1093
1094
1137
1093
1137
1136
1094
1095
1138
1094
1138
1137
1095
1096
1139
1095
1139
1138
1096
1097
1140
1096
1140
1139
1097
1098
1141
1097
1141
1140
1098
1099
1142
1098
1142
1141
1099
1100
1143
1099
1143
1142
1100
1101
1144
1100
1144
1143
1101
1102
1145
1101
1145
1144
1102
1103
1146
1102
1146
1145
1103
1104
1147
1103
1147
1146
1104
1105
1148
1104
1148
1147
1105
1106
1149
1105
1149
1148
1106
1107
1150
1106
1150
1149
1107
1108
1151
1107
1151
1150
1108
1109
1152
1108
1152
1151
1109
1110
1153
1109
1153
1152
1110
1111
1154
1110
1154
1153
1111
1112
1155
1111
1155
1154
1112
1113
1156
1112
1156
1155
1113
1114
1157
1113
1157
1156
1114
1115
1158
1114
1158
1157
1115
1116
1159
1115
1159
1158
1116
1117
1160
1116
1160
1159
1118
1119
1162
1118
1162
1161
1119
1120
1163
1119
1163
1162
1120
1121
1164
1120
1164
1163
1121
1122
1165
1121
1165
1164
1122
1123
1166
1122
1166
1165
1123
1124
1167
1123
1167
1166
1124
1125
1168
1124
1168
1167
1125
1126
1169
1125
1169
1168
1126
1127
1170
1126
1170
1169
1127
1128
1171
1127
1171
1170
1128
1129
1172
1128
1172
1171
1129
1130
1173
1129
1173
1172
1130
1131
1174
1130
1174
1173
1131
1132
1175
1131
1175
1174
1132
1133
1176
1132
1176
1175
1133
1134
1177
1133
1177
1176
1134
1135
1178
1134
1178
1177
1135
1136
1179
1135
1179
1178
1136
1137
1180
1136
1180
1179
1137
1138
1181
1137
1181
1180
1138
1139
1182
1138
1182
1181
1139
1140
1183
1139
1183
1182
1140
1141
1184
1140
1184
1183
1141
1142
1185
1141
1185
1184
1142
1143
1186
1142
1186
1185
1143
1144
1187
1143
1187
1186
1144
1145
1188
1144
1188
1187
1145
1146
1189
1145
1189
1188
1146
1147
1190
1146
1190
1189
1147
1148
1191
1147
1191
1190
1148
1149
1192
1148
1192
1191
1149
1150
1193
1149
1193
1192
1150
1151
1194
1150
1194
1193
1151
1152
1195
1151
1195
1194
1152
1153
1196
1152
1196
1195
1153
1154
1197
1153
1197
1196
1154
1155
1198
1154
1198
1197
1155
1156
1199
1155
1199
1198
1156
1157
1200
1156
1200
1199
1157
1158
1201
1157
1201
1200
1158
1159
1202
1158
1202
1201
1159
1160
1203
1159
1203
1202
1161
1162
1205
1161
1205
1204
1162
1163
1206
1162
1206
1205
1163
1164
1207
1163
1207
1206
1164
1165
1208
1164
1208
1207
1165
1166
1209
1165
1209
1208
1166
1167
1210
1166
1210
1209
1167
1168
1211
1167
1211
1210
1168
1169
1212
1168
1212
1211
1169
1170
1213
1169
1213
1212
1170
1171
1214
1170
1214
1213
1171
1172
1215
1171
1215
1214
1172
1173
1216
1172
1216
1215
1173
1174
1217
1173
1217
1216
1174
1175
1218
1174
1218
1217
1175
1176
1219
1175
1219
1218
1176
1177
1220
1176
1220
1219
1177
1178
1221
1177
1221
1220
1178
1179
1222
1178
1222
1221
1179
1180
1223
1179
1223
1222
1180
1181
1224
1180
1224
1223
1181
1182
1225
1181
1225
1224
1182
1183
1226
1182
1226
1225
1183
1184
1227
1183
1227
1226
1184
1185
1228
1184
1228
1227
1185
1186
1229
1185
1229
1228
1186
1187
1230
1186
1230
1229
1187
1188
1231
1187
1231
1230
1188
1189
1232
1188
1232
1231
1189
1190
1233
1189
1233
1232
1190
1191
1234
1190
1234
1233
1191
1192
1235
1191
1235
1234
1192
1193
1236
1192
1236
1235
1193
1194
1237
1193
1237
1236
1194
1195
1238
1194
1238
1237
1195
1196
1239
1195
1239
1238
1196
1197
1240
1196
1240
1239
1197
1198
1241
1197
1241
1240
1198
1199
1242
1198
1242
1241
1199
1200
1243
1199
1243
1242
1200
1201
1244
1200
1244
1243
1201
1202
1245
1201
1245
1244
1202
1203
1246
1202
1246
1245
1204
1205
1248
1204
1248
1247
1205
1206
1249
1205
1249
1248
1206
1207
1250
1206
1250
1249
1207
1208
1251
1207
1251
1250
1208
1209
1252
1208
1252
1251
1209
1210
1253
1209
1253
1252
1210
1211
1254
1210
1254
1253
1211
1212
1255
1211
1255
1254
1212
1213
1256
1212
1256
1255
1213
1214
1257
1213
1257
1256
1214
1215
1258
1214
1258
1257
1215
1216
1259
1215
1259
1258
1216
1217
1260
1216
1260
1259
1217
1218
1261
1217
1261
1260
1218
1219
1262
1218
1262
1261
1219
1220
1263
1219
1263
1262
1220
1221
1264
1220
1264
1263
1221
1222
1265
1221
1265
1264
1222
1223
1266
1222
1266
1265
1223
1224
1267
1223
1267
1266
1224
1225
1268
1224
1268
1267
1225
1226
1269
1225
1269
1268
1226
1227
1270
1226
1270
1269
1227
1228
1271
1227
1271
1270
1228
1229
1272
1228
1272
1271
1229
1230
1273
1229
1273
1272
1230
1231
1274
1230
1274
1273
1231
1232
1275
1231
1275
1274
1232
1233
1276
1232
1276
1275
1233
1234
1277
1233
1277
1276
1234
1235
1278
1234
1278
1277
1235
1236
1279
1235
1279
1278
1236
1237
1280
1236
1280
1279
1237
1238
1281
1237
1281
1280
1238
1239
1282
1238
1282
1281
1239
1240
1283
1239
1283
1282
1240
1241
1284
1240
1284
1283
1241
1242
1285
1241
1285
1284
1242
1243
1286
1242
1286
1285
1243
1244
1287
1243
1287
1286
1244
1245
1288
1244
1288
1287
1245
1246
1289
1245
1289
1288
1247
1248
1291
1247
1291
1290
1248
1249
1292
1248
1292
1291
1249
1250
1293
1249
1293
1292
1250
1251
1294
1250
1294
1293
1251
1252
1295
1251
1295
1294
1252
1253
1296
1252
1296
1295
1253
1254
1297
1253
1297
1296
1254
1255
1298
1254
1298
1297
1255
1256
1299
1255
1299
1298
1256
1257
1300
1256
1300
1299
1257
1258
1301
1257
1301
1300
1258
1259
1302
1258
1302
1301
1259
1260
1303
1259
1303
1302
1260
1261
1304
1260
1304
1303
1261
1262
1305
1261
1305
1304
1262
1263
1306
1262
1306
1305
1263
1264
1307
1263
1307
1306
1264
1265
1308
1264
1308
1307
1265
1266
1309
1265
1309
1308
1266
1267
1310
1266
1310
1309
1267
1268
1311
1267
1311
1310
1268
1269
1312
1268
1312
1311
1269
1270
1313
1269
1313
1312
1270
1271
1314
1270
1314
1313
1271
1272
1315
1271
1315
1314
1272
1273
1316
1272
1316
1315
1273
1274
1317
1273
1317
1316
1274
1275
1318
1274
1318
1317
1275
1276
1319
1275
1319
1318
1276
1277
1320
1276
1320
1319
1277
1278
1321
1277
1321
1320
1278
1279
1322
1278
1322
1321
1279
1280
1323
1279
1323
1322
1280
1281
1324
1280
1324
1323
1281
1282
1325
1281
1325
1324
1282
1283
1326
1282
1326
1325
1283
1284
1327
1283
1327
1326
1284
1285
1328
1284
1328
1327
1285
1286
1329
1285
1329
1328
1286
1287
1330
1286
1330
1329
1287
1288
1331
1287
1331
1330
1288
1289
1332
1288
1332
1331
1290
1291
1334
1290
1334
1333
1291
1292
1335
1291
1335
1334
1292
1293
1336
1292
1336
1335
1293
1294
1337
1293
1337
1336
1294
1295
1338
1294
1338
1337
1295
1296
1339
1295
1339
1338
1296
1297
1340
1296
1340
1339
1297
1298
1341
1297
1341
1340
1298
1299
1342
1298
1342
1341
1299
1300
1343
1299
1343
1342
1300
1301
1344
1300
1344
1343
1301
1302
1345
1301
1345
1344
1302
1303
1346
1302
1346
1345
1303
1304
1347
1303
1347
1346
1304
1305
1348
1304
1348
1347
1305
1306
1349
1305
1349
1348
1306
1307
1350
1306
1350
1349
1307
1308
1351
1307
1351
1350
1308
1309
1352
1308
1352
1351
1309
1310
1353
1309
1353
1352
1310
1311
1354
1310
1354
1353
1311
1312
1355
1311
1355
1354
1312
1313
1356
1312
1356
1355
1313
1314
1357
1313
1357
1356
1314
1315
1358
1314
1358
1357
1315
1316
1359
1315
1359
1358
1316
1317
1360
1316
1360
1359
1317
1318
1361
1317
1361
1360
1318
1319
1362
1318
1362
1361
1319
1320
1363
1319
1363
1362
1320
1321
1364
1320
1364
1363
1321
1322
1365
1321
1365
1364
1322
1323
1366
1322
1366
1365
1323
1324
1367
1323
1367
1366
1324
1325
1368
1324
1368
1367
1325
1326
1369
1325
1369
1368
1326
1327
1370
1326
1370
1369
1327
1328
1371
1327
1371
1370
1328
1329
1372
1328
1372
1371
1329
1330
1373
1329
1373
1372
1330
1331
1374
1330
1374
1373
1331
1332
1375
1331
1375
1374
1333
1334
1377
1333
1377
1376
1334
1335
1378
1334
1378
1377
1335
1336
1379
1335
1379
1378
1336
1337
1380
1336
1380
1379
1337
1338
1381
1337
1381
1380
1338
1339
1382
1338
1382
1381
1339
1340
1383
1339
1383
1382
1340
1341
1384
1340
1384
1383
1341
1342
1385
1341
1385
1384
1342
1343
1386
1342
1386
1385
1343
1344
1387
1343
1387
1386
1344
1345
1388
1344
1388
1387
1345
1346
1389
1345
1389
1388
1346
1347
1390
1346
1390
1389
1347
1348
1391
1347
1391
1390
1348
1349
1392
1348
1392
1391
1349
1350
1393
1349
1393
1392
1350
1351
1394
1350
1394
1393
1351
1352
1395
1351
1395
1394
1352
1353
1396
1352
1396
1395
1353
1354
1397
1353
1397
1396
1354
1355
1398
1354
1398
1397
1355
1356
1399
1355
1399
1398
1356
1357
1400
1356
1400
1399
1357
1358
1401
1357
1401
1400
1358
1359
1402
1358
1402
1401
1359
1360
1403
1359
1403
1402
1360
1361
1404
1360
1404
1403
1361
1362
1405
1361
1405
1404
1362
1363
1406
1362
1406
1405
1363
1364
1407
1363
1407
1406
1364
1365
1408
1364
1408
1407
1365
1366
1409
1365
1409
1408
1366
1367
1410
1366
1410
1409
1367
1368
1411
1367
1411
1410
1368
1369
1412
1368
1412
1411
1369
1370
1413
1369
1413
1412
1370
1371
1414
1370
1414
1413
1371
1372
1415
1371
1415
1414
1372
1373
1416
1372
1416
1415
1373
1374
1417
1373
1417
1416
1374
1375
1418
1374
1418
1417
1376
1377
1420
1376
1420
1419
1377
1378
1421
1377
1421
1420
1378
1379
1422
1378
1422
1421
1379
1380
1423
1379
1423
1422
1380
1381
1424
1380
1424
1423
1381
1382
1425
1381
1425
1424
1382
1383
1426
1382
1426
1425
1383
1384
1427
1383
1427
1426
1384
1385
1428
1384
1428
1427
1385
1386
1429
1385
1429
1428
1386
1387
1430
1386
1430
1429
1387
1388
1431
1387
1431
1430
1388
1389
1432
1388
1432
1431
1389
1390
1433
1389
1433
1432
1390
1391
1434
1390
1434
1433
1391
1392
1435
1391
1435
1434
1392
1393
1436
1392
1436
1435
1393
1394
1437
1393
1437
1436
1394
1395
1438
1394
1438
1437
1395
1396
1439
1395
1439
1438
1396
1397
1440
1396
1440
1439
1397
1398
1441
1397
1441
1440
1398
1399
1442
1398
1442
1441
1399
1400
1443
1399
1443
1442
1400
1401
1444
1400
1444
1443
1401
1402
1445
1401
1445
1444
1402
1403
1446
1402
1446
1445
1403
1404
1447
1403
1447
1446
1404
1405
1448
1404
1448
1447
1405
1406
1449
1405
1449
1448
1406
1407
1450
1406
1450
1449
1407
1408
1451
1407
1451
1450
1408
1409
1452
1408
1452
1451
1409
1410
1453
1409
1453
1452
1410
1411
1454
1410
1454
1453
1411
1412
1455
1411
1455
1454
1412
1413
1456
1412
1456
1455
1413
1414
1457
1413
1457
1456
1414
1415
1458
1414
1458
1457
1415
1416
1459
1415
1459
1458
1416
1417
1460
1416
1460
1459
1417
1418
1461
1417
1461
1460
1419
1420
1463
1419
1463
1462
1420
1421
1464
1420
1464
1463
1421
1422
1465
1421
1465
1464
1422
1423
1466
1422
1466
1465
1423
1424
1467
1423
1467
1466
1424
1425
1468
1424
1468
1467
1425
1426
1469
1425
1469
1468
1426
1427
1470
1426
1470
1469
1427
1428
1471
1427
1471
1470
1428
1429
1472
1428
1472
1471
1429
1430
1473
1429
1473
1472
1430
1431
1474
1430
1474
1473
1431
1432
1475
1431
1475
1474
1432
1433
1476
1432
1476
1475
1433
1434
1477
1433
1477
1476
1434
1435
1478
1434
1478
1477
1435
1436
1479
1435
1479
1478
1436
1437
1480
1436
1480
1479
1437
1438
1481
1437
1481
1480
1438
1439
1482
1438
1482
1481
1439
1440
1483
1439
1483
1482
1440
1441
1484
1440
1484
1483
1441
1442
1485
1441
1485
1484
1442
1443
1486
1442
1486
1485
1443
1444
1487
1443
1487
1486
1444
1445
1488
1444
1488
1487
1445
1446
1489
1445
1489
1488
1446
1447
1490
1446
1490
1489
1447
1448
1491
1447
1491
1490
1448
1449
1492
1448
1492
1491
1449
1450
1493
1449
1493
1492
1450
1451
1494
1450
1494
1493
1451
1452
1495
1451
1495
1494
1452
1453
1496
1452
1496
1495
1453
1454
1497
1453
1497
1496
1454
1455
1498
1454
1498
1497
1455
1456
1499
1455
1499
1498
1456
1457
1500
1456
1500
1499
1457
1458
1501
1457
1501
1500
1458
1459
1502
1458
1502
1501
1459
1460
1503
1459
1503
1502
1460
1461
1504
1460
1504
1503
1462
1463
1506
1462
1506
1505
1463
1464
1507
1463
1507
1506
1464
1465
1508
1464
1508
1507
1465
1466
1509
1465
1509
1508
1466
1467
1510
1466
1510
1509
1467
1468
1511
1467
1511
1510
1468
1469
1512
1468
1512
1511
1469
1470
1513
1469
1513
1512
1470
1471
1514
1470
1514
1513
1471
1472
1515
1471
1515
1514
1472
1473
1516
1472
1516
1515
1473
1474
1517
1473
1517
1516
1474
1475
1518
1474
1518
1517
1475
1476
1519
1475
1519
1518
1476
1477
1520
1476
1520
1519
1477
1478
1521
1477
1521
1520
1478
1479
1522
1478
1522
1521
1479
1480
1523
1479
1523
1522
1480
1481
1524
1480
1524
1523
1481
1482
1525
1481
1525
1524
1482
1483
1526
1482
1526
1525
1483
1484
1527
1483
1527
1526
1484
1485
1528
1484
1528
1527
1485
1486
1529
1485
1529
1528
1486
1487
1530
1486
1530
1529
1487
1488
1531
1487
1531
1530
1488
1489
1532
1488
1532
1531
1489
1490
1533
1489
1533
1532
1490
1491
1534
1490
1534
1533
1491
1492
1535
1491
1535
1534
1492
1493
1536
1492
1536
1535
1493
1494
1537
1493
1537
1536
1494
1495
1538
1494
1538
1537
1495
1496
1539
1495
1539
1538
1496
1497
1540
1496
1540
1539
1497
1498
1541
1497
1541
1540
1498
1499
1542
1498
1542
1541
1499
1500
1543
1499
1543
1542
1500
1501
1544
1500
1544
1543
1501
1502
1545
1501
1545
1544
1502
1503
1546
1502
1546
1545
1503
1504
1547
1503
1547
1546
1505
1506
1549
1505
1549
1548
1506
1507
1550
1506
1550
1549
1507
1508
1551
1507
1551
1550
1508
1509
1552
1508
1552
1551
1509
1510
1553
1509
1553
1552
1510
1511
1554
1510
1554
1553
1511
1512
1555
1511
1555
1554
1512
1513
1556
1512
1556
1555
1513
1514
1557
1513
1557
1556
1514
1515
1558
1514
1558
1557
1515
1516
1559
1515
1559
1558
1516
1517
1560
1516
1560
1559
1517
1518
1561
1517
1561
1560
1518
1519
1562
1518
1562
1561
1519
1520
1563
1519
1563
1562
1520
1521
1564
1520
1564
1563
1521
1522
1565
1521
1565
1564
1522
1523
1566
1522
1566
1565
1523
1524
1567
1523
1567
1566
1524
1525
1568
1524
1568
1567
1525
1526
1569
1525
1569
1568
1526
1527
1570
1526
1570
1569
1527
1528
1571
1527
1571
1570
1528
1529
1572
1528
1572
1571
1529
1530
1573
1529
1573
1572
1530
1531
1574
1530
1574
1573
1531
1532
1575
1531
1575
1574
1532
1533
1576
1532
1576
1575
1533
1534
1577
1533
1577
1576
1534
1535
1578
1534
1578
1577
1535
1536
1579
1535
1579
1578
1536
1537
1580
1536
1580
1579
1537
1538
1581
1537
1581
1580
1538
1539
1582
1538
1582
1581
1539
1540
1583
1539
1583
1582
1540
1541
1584
1540
1584
1583
1541
1542
1585
1541
1585
1584
1542
1543
1586
1542
1586
1585
1543
1544
1587
1543
1587
1586
1544
1545
1588
1544
1588
1587
1545
1546
1589
1545
1589
1588
1546
1547
1590
1546
1590
1589
1548
1549
1592
1548
1592
1591
1549
1550
1593
1549
1593
1592
1550
1551
1594
1550
1594
1593
1551
1552
1595
1551
1595
1594
1552
1553
1596
1552
1596
1595
1553
1554
1597
1553
1597
1596
1554
1555
1598
1554
1598
1597
1555
1556
1599
1555
1599
1598
1556
1557
1600
1556
1600
1599
1557
1558
1601
1557
1601
1600
1558
1559
1602
1558
1602
1601
1559
1560
1603
1559
1603
1602
1560
1561
1604
1560
1604
1603
1561
1562
1605
1561
1605
1604
1562
1563
1606
1562
1606
1605
1563
1564
1607
1563
1607
1606
1564
1565
1608
1564
1608
1607
1565
1566
1609
1565
1609
1608
1566
1567
1610
1566
1610
1609
1567
1568
1611
1567
1611
1610
1568
1569
1612
1568
1612
1611
1569
1570
1613
1569
1613
1612
1570
1571
1614
1570
1614
1613
1571
1572
1615
1571
1615
1614
1572
1573
1616
1572
1616
1615
1573
1574
1617
1573
1617
1616
1574
1575
1618
1574
1618
1617
1575
1576
1619
1575
1619
1618
1576
1577
1620
1576
1620
1619
1577
1578
1621
1577
1621
1620
1578
1579
1622
1578
1622
1621
1579
1580
1623
1579
1623
1622
1580
1581
1624
1580
1624
1623
1581
1582
1625
1581
1625
1624
1582
1583
1626
1582
1626
1625
1583
1584
1627
1583
1627
1626
1584
1585
1628
1584
1628
1627
1585
1586
1629
1585
1629
1628
1586
1587
1630
1586
1630
1629
1587
1588
1631
1587
1631
1630
1588
1589
1632
1588
1632
1631
1589
1590
1633
1589
1633
1632
1591
1592
1635
1591
1635
1634
1592
1593
1636
1592
1636
1635
1593
1594
1637
1593
1637
1636
1594
1595
1638
1594
1638
1637
1595
1596
1639
1595
1639
1638
1596
1597
1640
1596
1640
1639
1597
1598
1641
1597
1641
1640
1598
1599
1642
1598
1642
1641
1599
1600
1643
1599
1643
1642
1600
1601
1644
1600
1644
1643
1601
1602
1645
1601
1645
1644
1602
1603
1646
1602
1646
1645
1603
1604
1647
1603
1647
1646
1604
1605
1648
1604
1648
1647
1605
1606
1649
1605
1649
1648
1606
1607
1650
1606
1650
1649
1607
1608
1651
1607
1651
1650
1608
1609
1652
1608
1652
1651
1609
1610
1653
1609
1653
1652
1610
1611
1654
1610
1654
1653
1611
1612
1655
1611
1655
1654
1612
1613
1656
1612
1656
1655
1613
1614
1657
1613
1657
1656
1614
1615
1658
1614
1658
1657
1615
1616
1659
1615
1659
1658
1616
1617
1660
1616
1660
1659
1617
1618
1661
1617
1661
1660
1618
1619
1662
1618
1662
1661
1619
1620
1663
1619
1663
1662
1620
1621
1664
1620
1664
1663
1621
1622
1665
1621
1665
1664
1622
1623
1666
1622
1666
1665
1623
1624
1667
1623
1667
1666
1624
1625
1668
1624
1668
1667
1625
1626
1669
1625
1669
1668
1626
1627
1670
1626
1670
1669
1627
1628
1671
1627
1671
1670
1628
1629
1672
1628
1672
1671
1629
1630
1673
1629
1673
1672
1630
1631
1674
1630
1674
1673
1631
1632
1675
1631
1675
1674
1632
1633
1676
1632
1676
1675
1634
1635
1678
1634
1678
1677
1635
1636
1679
1635
1679
1678
1636
1637
1680
1636
1680
1679
1637
1638
1681
1637
1681
1680
1638
1639
1682
1638
1682
1681
1639
1640
1683
1639
1683
1682
1640
1641
1684
1640
1684
1683
1641
1642
1685
1641
1685
1684
1642
1643
1686
1642
1686
1685
1643
1644
1687
1643
1687
1686
1644
1645
1688
1644
1688
1687
1645
1646
1689
1645
1689
1688
1646
1647
1690
1646
1690
1689
1647
1648
1691
1647
1691
1690
1648
1649
1692
1648
1692
1691
1649
1650
1693
1649
1693
1692
1650
1651
1694
1650
1694
1693
1651
1652
1695
1651
1695
1694
1652
1653
1696
1652
1696
1695
1653
1654
1697
1653
1697
1696
1654
1655
1698
1654
1698
1697
1655
1656
1699
1655
1699
1698
1656
1657
1700
1656
1700
1699
1657
1658
1701
1657
1701
1700
1658
1659
1702
1658
1702
1701
1659
1660
1703
1659
1703
1702
1660
1661
1704
1660
1704
1703
1661
1662
1705
1661
1705
1704
1662
1663
1706
1662
1706
1705
1663
1664
1707
1663
1707
1706
1664
1665
1708
1664
1708
1707
1665
1666
1709
1665
1709
1708
1666
1667
1710
1666
1710
1709
1667
1668
1711
1667
1711
1710
1668
1669
1712
1668
1712
1711
1669
1670
1713
1669
1713
1712
1670
1671
1714
1670
1714
1713
1671
1672
1715
1671
1715
1714
1672
1673
1716
1672
1716
1715
1673
1674
1717
1673
1717
1716
1674
1675
1718
1674
1718
1717
1675
1676
1719
1675
1719
1718
1677
1678
1721
1677
1721
1720
1678
1679
1722
1678
1722
1721
1679
1680
1723
1679
1723
1722
1680
1681
1724
1680
1724
1723
1681
1682
1725
1681
1725
1724
1682
1683
1726
1682
1726
1725
1683
1684
1727
1683
1727
1726
1684
1685
1728
1684
1728
1727
1685
1686
1729
1685
1729
1728
1686
1687
1730
1686
1730
1729
1687
1688
1731
1687
1731
1730
1688
1689
1732
1688
1732
1731
1689
1690
1733
1689
1733
1732
1690
1691
1734
1690
1734
1733
1691
1692
1735
1691
1735
1734
1692
1693
1736
1692
1736
1735
1693
1694
1737
1693
1737
1736
1694
1695
1738
1694
1738
1737
1695
1696
1739
1695
1739
1738
1696
1697
1740
1696
1740
1739
1697
1698
1741
1697
1741
1740
1698
1699
1742
1698
1742
1741
1699
1700
1743
1699
1743
1742
1700
1701
1744
1700
1744
1743
1701
1702
1745
1701
1745
1744
1702
1703
1746
1702
1746
1745
1703
1704
1747
1703
1747
1746
1704
1705
1748
1704
1748
1747
1705
1706
1749
1705
1749
1748
1706
1707
1750
1706
1750
1749
1707
1708
1751
1707
1751
1750
1708
1709
1752
1708
1752
1751
1709
1710
1753
1709
1753
1752
1710
1711
1754
1710
1754
1753
1711
1712
1755
1711
1755
1754
1712
1713
1756
1712
1756
1755
1713
1714
1757
1713
1757
1756
1714
1715
1758
1714
1758
1757
1715
1716
1759
1715
1759
1758
1716
1717
1760
1716
1760
1759
1717
1718
1761
1717
1761
1760
1718
1719
1762
1718
1762
1761
1720
1721
1764
1720
1764
1763
1721
1722
1765
1721
1765
1764
1722
1723
1766
1722
1766
1765
1723
1724
1767
1723
1767
1766
1724
1725
1768
1724
1768
1767
1725
1726
1769
1725
1769
1768
1726
1727
1770
1726
1770
1769
1727
1728
1771
1727
1771
1770
1728
1729
1772
1728
1772
1771
1729
1730
1773
1729
1773
1772
1730
1731
1774
1730
1774
1773
1731
1732
1775
1731
1775
1774
1732
1733
1776
1732
1776
1775
1733
1734
1777
1733
1777
1776
1734
1735
1778
1734
1778
1777
1735
1736
1779
1735
1779
1778
1736
1737
1780
1736
1780
1779
1737
1738
1781
1737
1781
1780
1738
1739
1782
1738
1782
1781
1739
1740
1783
1739
1783
1782
1740
1741
1784
1740
1784
1783
1741
1742
1785
1741
1785
1784
1742
1743
1786
1742
1786
1785
1743
1744
1787
1743
1787
1786
1744
1745
1788
1744
1788
1787
1745
1746
1789
1745
1789
1788
1746
1747
1790
1746
1790
1789
1747
1748
1791
1747
1791
1790
1748
1749
1792
1748
1792
1791
1749
1750
1793
1749
1793
1792
1750
1751
1794
1750
1794
1793
1751
1752
1795
1751
1795
1794
1752
1753
1796
1752
1796
1795
1753
1754
1797
1753
1797
1796
1754
1755
1798
1754
1798
1797
1755
1756
1799
1755
1799
1798
1756
1757
1800
1756
1800
1799
1757
1758
1801
1757
1801
1800
1758
1759
1802
1758
1802
1801
1759
1760
1803
1759
1803
1802
1760
1761
1804
1760
1804
1803
1761
1762
1805
1761
1805
1804
1763
1764
1807
1763
1807
1806
1764
1765
1808
1764
1808
1807
1765
1766
1809
1765
1809
1808
1766
1767
1810
1766
1810
1809
1767
1768
1811
1767
1811
1810
1768
1769
1812
1768
1812
1811
1769
1770
1813
1769
1813
1812
1770
1771
1814
1770
1814
1813
1771
1772
1815
1771
1815
1814
1772
1773
1816
1772
1816
1815
1773
1774
1817
1773
1817
1816
1774
1775
1818
1774
1818
1817
1775
1776
1819
1775
1819
1818
1776
1777
1820
1776
1820
1819
1777
1778
1821
1777
1821
1820
1778
1779
1822
1778
1822
1821
1779
1780
1823
1779
1823
1822
1780
1781
1824
1780
1824
1823
1781
1782
1825
1781
1825
1824
1782
1783
1826
1782
1826
1825
1783
1784
1827
1783
1827
1826
1784
1785
1828
1784
1828
1827
1785
1786
1829
1785
1829
1828
1786
1787
1830
1786
1830
1829
1787
1788
1831
1787
1831
1830
1788
1789
1832
1788
1832
1831
1789
1790
1833
1789
1833
1832
1790
1791
1834
1790
1834
1833
1791
1792
1835
1791
1835
1834
1792
1793
1836
1792
1836
1835
1793
1794
1837
1793
1837
1836
1794
1795
1838
1794
1838
1837
1795
1796
1839
1795
1839
1838
1796
1797
1840
1796
1840
1839
1797
1798
1841
1797
1841
1840
1798
1799
1842
1798
1842
1841
1799
1800
1843
1799
1843
1842
1800
1801
1844
1800
1844
1843
1801
1802
1845
1801
1845
1844
1802
1803
1846
1802
1846
1845
1803
1804
1847
1803
1847
1846
1804
1805
1848
1804
1848
1847
1849
1850
1893
1849
1893
1892
1850
1851
1894
1850
1894
1893
1851
1852
1895
1851
1895
1894
1852
1853
1896
1852
1896
1895
1853
1854
1897
1853
1897
1896
1854
1855
1898
1854
1898
1897
1855
1856
1899
1855
1899
1898
1856
1857
1900
1856
1900
1899
1857
1858
1901
1857
1901
1900
1858
1859
1902
1858
1902
1901
1859
1860
1903
1859
1903
1902
1860
1861
1904
1860
1904
1903
1861
1862
1905
1861
1905
1904
1862
1863
1906
1862
1906
1905
1863
1864
1907
1863
1907
1906
1864
1865
1908
1864
1908
1907
1865
1866
1909
1865
1909
1908
1866
1867
1910
1866
1910
1909
1867
1868
1911
1867
1911
1910
1868
1869
1912
1868
1912
1911
1869
1870
1913
1869
1913
1912
1870
1871
1914
1870
1914
1913
1871
1872
1915
1871
1915
1914
1872
1873
1916
1872
1916
1915
1873
1874
1917
1873
1917
1916
1874
1875
1918
1874
1918
1917
1875
1876
1919
1875
1919
1918
1876
1877
1920
1876
1920
1919
1877
1878
1921
1877
1921
1920
1878
1879
1922
1878
1922
1921
1879
1880
1923
1879
1923
1922
1880
1881
1924
1880
1924
1923
1881
1882
1925
1881
1925
1924
1882
1883
1926
1882
1926
1925
1883
1884
1927
1883
1927
1926
1884
1885
1928
1884
1928
1927
1885
1886
1929
1885
1929
1928
1886
1887
1930
1886
1930
1929
1887
1888
1931
1887
1931
1930
1888
1889
1932
1888
1932
1931
1889
1890
1933
1889
1933
1932
1890
1891
1934
1890
1934
1933
1892
1893
1936
1892
1936
1935
1893
1894
1937
1893
1937
1936
1894
1895
1938
1894
1938
1937
1895
1896
1939
1895
1939
1938
1896
1897
1940
1896
1940
1939
1897
1898
1941
1897
1941
1940
1898
1899
1942
1898
1942
1941
1899
1900
1943
1899
1943
1942
1900
1901
1944
1900
1944
1943
1901
1902
1945
1901
1945
1944
1902
1903
1946
1902
1946
1945
1903
1904
1947
1903
1947
1946
1904
1905
1948
1904
1948
1947
1905
1906
1949
1905
1949
1948
1906
1907
1950
1906
1950
1949
1907
1908
1951
1907
1951
1950
1908
1909
1952
1908
1952
1951
1909
1910
1953
1909
1953
1952
1910
1911
1954
1910
1954
1953
1911
1912
1955
1911
1955
1954
1912
1913
1956
1912
1956
1955
1913
1914
1957
1913
1957
1956
1914
1915
1958
1914
1958
1957
1915
1916
1959
1915
1959
1958
1916
1917
1960
1916
1960
1959
1917
1918
1961
1917
1961
1960
1918
1919
1962
1918
1962
1961
1919
1920
1963
1919
1963
1962
1920
1921
1964
1920
1964
1963
1921
1922
1965
1921
1965
1964
1922
1923
1966
1922
1966
1965
1923
1924
1967
1923
1967
1966
1924
1925
1968
1924
1968
1967
1925
1926
1969
1925
1969
1968
1926
1927
1970
1926
1970
1969
1927
1928
1971
1927
1971
1970
1928
1929
1972
1928
1972
1971
1929
1930
1973
1929
1973
1972
1930
1931
1974
1930
1974
1973
1931
1932
1975
1931
1975
1974
1932
1933
1976
1932
1976
1975
1933
1934
1977
1933
1977
1976
1935
1936
1979
1935
1979
1978
1936
1937
1980
1936
1980
1979
1937
1938
1981
1937
1981
1980
1938
1939
1982
1938
1982
1981
1939
1940
1983
1939
1983
1982
1940
1941
1984
1940
1984
1983
1941
1942
1985
1941
1985
1984
1942
1943
1986
1942
1986
1985
1943
1944
1987
1943
1987
1986
1944
1945
1988
1944
1988
1987
1945
1946
1989
1945
1989
1988
1946
1947
1990
1946
1990
1989
1947
1948
1991
1947
1991
1990
1948
1949
1992
1948
1992
1991
1949
1950
1993
1949
1993
1992
1950
1951
1994
1950
1994
1993
1951
1952
1995
1951
1995
1994
1952
1953
1996
1952
1996
1995
1953
1954
1997
1953
1997
1996
1954
1955
1998
1954
1998
1997
1955
1956
1999
1955
1999
1998
1956
1957
2000
1956
2000
1999
1957
1958
2001
1957
2001
2000
1958
1959
2002
1958
2002
2001
1959
1960
2003
1959
2003
2002
1960
1961
2004
1960
2004
2003
1961
1962
2005
1961
2005
2004
1962
1963
2006
1962
2006
2005
1963
1964
2007
1963
2007
2006
1964
1965
2008
1964
2008
2007
1965
1966
2009
1965
2009
2008
1966
1967
2010
1966
2010
2009
1967
1968
2011
1967
2011
2010
1968
1969
2012
1968
2012
2011
1969
1970
2013
1969
2013
2012
1970
1971
2014
1970
2014
2013
1971
1972
2015
1971
2015
2014
1972
1973
2016
1972
2016
2015
1973
1974
2017
1973
2017
2016
1974
1975
2018
1974
2018
2017
1975
1976
2019
1975
2019
2018
1976
1977
2020
1976
2020
2019
1978
1979
2022
1978
2022
2021
1979
1980
2023
1979
2023
2022
1980
1981
2024
1980
2024
2023
1981
1982
2025
1981
2025
2024
1982
1983
2026
1982
2026
2025
1983
1984
2027
1983
2027
2026
1984
1985
2028
1984
2028
2027
1985
1986
2029
1985
2029
2028
1986
1987
2030
1986
2030
2029
1987
1988
2031
1987
2031
2030
1988
1989
2032
1988
2032
2031
1989
1990
2033
1989
2033
2032
1990
1991
2034
1990
2034
2033
1991
1992
2035
1991
2035
2034
1992
1993
2036
1992
2036
2035
1993
1994
2037
1993
2037
2036
1994
1995
2038
1994
2038
2037
1995
1996
2039
1995
2039
2038
1996
1997
2040
1996
2040
2039
1997
1998
2041
1997
2041
2040
1998
1999
2042
1998
2042
2041
1999
2000
2043
1999
2043
2042
2000
2001
2044
2000
2044
2043
2001
2002
2045
2001
2045
2044
2002
2003
2046
2002
2046
2045
2003
2004
2047
2003
2047
2046
2004
2005
2048
2004
2048
2047
2005
2006
2049
2005
2049
2048
2006
2007
2050
2006
2050
2049
2007
2008
2051
2007
2051
2050
2008
2009
2052
2008
2052
2051
2009
2010
2053
2009
2053
2052
2010
2011
2054
2010
2054
2053
2011
2012
2055
2011
2055
2054
2012
2013
2056
2012
2056
2055
2013
2014
2057
2013
2057
2056
2014
2015
2058
2014
2058
2057
2015
2016
2059
2015
2059
2058
2016
2017
2060
2016
2060
2059
2017
2018
2061
2017
2061
2060
2018
2019
2062
2018
2062
2061
2019
2020
2063
2019
2063
2062
2021
2022
2065
2021
2065
2064
2022
2023
2066
2022
2066
2065
2023
2024
2067
2023
2067
2066
2024
2025
2068
2024
2068
2067
2025
2026
2069
2025
2069
2068
2026
2027
2070
2026
2070
2069
2027
2028
2071
2027
2071
2070
2028
2029
2072
2028
2072
2071
2029
2030
2073
2029
2073
2072
2030
2031
2074
2030
2074
2073
2031
2032
2075
2031
2075
2074
2032
2033
2076
2032
2076
2075
2033
2034
2077
2033
2077
2076
2034
2035
2078
2034
2078
2077
2035
2036
2079
2035
2079
2078
2036
2037
2080
2036
2080
2079
2037
2038
2081
2037
2081
2080
2038
2039
2082
2038
2082
2081
2039
2040
2083
2039
2083
2082
2040
2041
2084
2040
2084
2083
2041
2042
2085
2041
2085
2084
2042
2043
2086
2042
2086
2085
2043
2044
2087
2043
2087
2086
2044
2045
2088
2044
2088
2087
2045
2046
2089
2045
2089
2088
2046
2047
2090
2046
2090
2089
2047
2048
2091
2047
2091
2090
2048
2049
2092
2048
2092
2091
2049
2050
2093
2049
2093
2092
2050
2051
2094
2050
2094
2093
2051
2052
2095
2051
2095
2094
2052
2053
2096
2052
2096
2095
2053
2054
2097
2053
2097
2096
2054
2055
2098
2054
2098
2097
2055
2056
2099
2055
2099
2098
2056
2057
2100
2056
2100
2099
2057
2058
2101
2057
2101
2100
2058
2059
2102
2058
2102
2101
2059
2060
2103
2059
2103
2102
2060
2061
2104
2060
2104
2103
2061
2062
2105
2061
2105
2104
2062
2063
2106
2062
2106
2105
2064
2065
2108
2064
2108
2107
2065
2066
2109
2065
2109
2108
2066
2067
2110
2066
2110
2109
2067
2068
2111
2067
2111
2110
2068
2069
2112
2068
2112
2111
2069
2070
2113
2069
2113
2112
2070
2071
2114
2070
2114
2113
2071
2072
2115
2071
2115
2114
2072
2073
2116
2072
2116
2115
2073
2074
2117
2073
2117
2116
2074
2075
2118
2074
2118
2117
2075
2076
2119
2075
2119
2118
2076
2077
2120
2076
2120
2119
2077
2078
2121
2077
2121
2120
2078
2079
2122
2078
2122
2121
2079
2080
2123
2079
2123
2122
2080
2081
2124
2080
2124
2123
2081
2082
2125
2081
2125
2124
2082
2083
2126
2082
2126
2125
2083
2084
2127
2083
2127
2126
2084
2085
2128
2084
2128
2127
2085
2086
2129
2085
2129
2128
2086
2087
2130
2086
2130
2129
2087
2088
2131
2087
2131
2130
2088
2089
2132
2088
2132
2131
2089
2090
2133
2089
2133
2132
2090
2091
2134
2090
2134
2133
2091
2092
2135
2091
2135
2134
2092
2093
2136
2092
2136
2135
2093
2094
2137
2093
2137
2136
2094
2095
2138
2094
2138
2137
2095
2096
2139
2095
2139
2138
2096
2097
2140
2096
2140
2139
2097
2098
2141
2097
2141
2140
2098
2099
2142
2098
2142
2141
2099
2100
2143
2099
2143
2142
2100
2101
2144
2100
2144
2143
2101
2102
2145
2101
2145
2144
2102
2103
2146
2102
2146
2145
2103
2104
2147
2103
2147
2146
2104
2105
2148
2104
2148
2147
2105
2106
2149
2105
2149
2148
2107
2108
2151
2107
2151
2150
2108
2109
2152
2108
2152
2151
2109
2110
2153
2109
2153
2152
2110
2111
2154
2110
2154
2153
2111
2112
2155
2111
2155
2154
2112
2113
2156
2112
2156
2155
2113
2114
2157
2113
2157
2156
2114
2115
2158
2114
2158
2157
2115
2116
2159
2115
2159
2158
2116
2117
2160
2116
2160
2159
2117
2118
2161
2117
2161
2160
2118
2119
2162
2118
2162
2161
2119
2120
2163
2119
2163
2162
2120
2121
2164
2120
2164
2163
2121
2122
2165
2121
2165
2164
2122
2123
2166
2122
2166
2165
2123
2124
2167
2123
2167
2166
2124
2125
2168
2124
2168
2167
2125
2126
2169
2125
2169
2168
2126
2127
2170
2126
2170
2169
2127
2128
2171
2127
2171
2170
2128
2129
2172
2128
2172
2171
2129
2130
2173
2129
2173
2172
2130
2131
2174
2130
2174
2173
2131
2132
2175
2131
2175
2174
2132
2133
2176
2132
2176
2175
2133
2134
2177
2133
2177
2176
2134
2135
2178
2134
2178
2177
2135
2136
2179
2135
2179
2178
2136
2137
2180
2136
2180
2179
2137
2138
2181
2137
2181
2180
2138
2139
2182
2138
2182
2181
2139
2140
2183
2139
2183
2182
2140
2141
2184
2140
2184
2183
2141
2142
2185
2141
2185
2184
2142
2143
2186
2142
2186
2185
2143
2144
2187
2143
2187
2186
2144
2145
2188
2144
2188
2187
2145
2146
2189
2145
2189
2188
2146
2147
2190
2146
2190
2189
2147
2148
2191
2147
2191
2190
2148
2149
2192
2148
2192
2191
2150
2151
2194
2150
2194
2193
2151
2152
2195
2151
2195
2194
2152
2153
2196
2152
2196
2195
2153
2154
2197
2153
2197
2196
2154
2155
2198
2154
2198
2197
2155
2156
2199
2155
2199
2198
2156
2157
2200
2156
2200
2199
2157
2158
2201
2157
2201
2200
2158
2159
2202
2158
2202
2201
2159
2160
2203
2159
2203
2202
2160
2161
2204
2160
2204
2203
2161
2162
2205
2161
2205
2204
2162
2163
2206
2162
2206
2205
2163
2164
2207
2163
2207
2206
2164
2165
2208
2164
2208
2207
2165
2166
2209
2165
2209
2208
2166
2167
2210
2166
2210
2209
2167
2168
2211
2167
2211
2210
2168
2169
2212
2168
2212
2211
2169
2170
2213
2169
2213
2212
2170
2171
2214
2170
2214
2213
2171
2172
2215
2171
2215
2214
2172
2173
2216
2172
2216
2215
2173
2174
2217
2173
2217
2216
2174
2175
2218
2174
2218
2217
2175
2176
2219
2175
2219
2218
2176
2177
2220
2176
2220
2219
2177
2178
2221
2177
2221
2220
2178
2179
2222
2178
2222
2221
2179
2180
2223
2179
2223
2222
2180
2181
2224
2180
2224
2223
2181
2182
2225
2181
2225
2224
2182
2183
2226
2182
2226
2225
2183
2184
2227
2183
2227
2226
2184
2185
2228
2184
2228
2227
2185
2186
2229
2185
2229
2228
2186
2187
2230
2186
2230
2229
2187
2188
2231
2187
2231
2230
2188
2189
2232
2188
2232
2231
2189
2190
2233
2189
2233
2232
2190
2191
2234
2190
2234
2233
2191
2192
2235
2191
2235
2234
2193
2194
2237
2193
2237
2236
2194
2195
2238
2194
2238
2237
2195
2196
2239
2195
2239
2238
2196
2197
2240
2196
2240
2239
2197
2198
2241
2197
2241
2240
2198
2199
2242
2198
2242
2241
2199
2200
2243
2199
2243
2242
2200
2201
2244
2200
2244
2243
2201
2202
2245
2201
2245
2244
2202
2203
2246
2202
2246
2245
2203
2204
2247
2203
2247
2246
2204
2205
2248
2204
2248
2247
2205
2206
2249
2205
2249
2248
2206
2207
2250
2206
2250
2249
2207
2208
2251
2207
2251
2250
2208
2209
2252
2208
2252
2251
2209
2210
2253
2209
2253
2252
2210
2211
2254
2210
2254
2253
2211
2212
2255
2211
2255
2254
2212
2213
2256
2212
2256
2255
2213
2214
2257
2213
2257
2256
2214
2215
2258
2214
2258
2257
2215
2216
2259
2215
2259
2258
2216
2217
2260
2216
2260
2259
2217
2218
2261
2217
2261
2260
2218
2219
2262
2218
2262
2261
2219
2220
2263
2219
2263
2262
2220
2221
2264
2220
2264
2263
2221
2222
2265
2221
2265
2264
2222
2223
2266
2222
2266
2265
2223
2224
2267
2223
2267
2266
2224
2225
2268
2224
2268
2267
2225
2226
2269
2225
2269
2268
2226
2227
2270
2226
2270
2269
2227
2228
2271
2227
2271
2270
2228
2229
2272
2228
2272
2271
2229
2230
2273
2229
2273
2272
2230
2231
2274
2230
2274
2273
2231
2232
2275
2231
2275
2274
2232
2233
2276
2232
2276
2275
2233
2234
2277
2233
2277
2276
2234
2235
2278
2234
2278
2277
2236
2237
2280
2236
2280
2279
2237
2238
2281
2237
2281
2280
2238
2239
2282
2238
2282
2281
2239
2240
2283
2239
2283
2282
2240
2241
2284
2240
2284
2283
2241
2242
2285
2241
2285
2284
2242
2243
2286
2242
2286
2285
2243
2244
2287
2243
2287
2286
2244
2245
2288
2244
2288
2287
2245
2246
2289
2245
2289
2288
2246
2247
2290
2246
2290
2289
2247
2248
2291
2247
2291
2290
2248
2249
2292
2248
2292
2291
2249
2250
2293
2249
2293
2292
2250
2251
2294
2250
2294
2293
2251
2252
2295
2251
2295
2294
2252
2253
2296
2252
2296
2295
2253
2254
2297
2253
2297
2296
2254
2255
2298
2254
2298
2297
2255
2256
2299
2255
2299
2298
2256
2257
2300
2256
2300
2299
2257
2258
2301
2257
2301
2300
2258
2259
2302
2258
2302
2301
2259
2260
2303
2259
2303
2302
2260
2261
2304
2260
2304
2303
2261
2262
2305
2261
2305
2304
2262
2263
2306
2262
2306
2305
2263
2264
2307
2263
2307
2306
2264
2265
2308
2264
2308
2307
2265
2266
2309
2265
2309
2308
2266
2267
2310
2266
2310
2309
2267
2268
2311
2267
2311
2310
2268
2269
2312
2268
2312
2311
2269
2270
2313
2269
2313
2312
2270
2271
2314
2270
2314
2313
2271
2272
2315
2271
2315
2314
2272
2273
2316
2272
2316
2315
2273
2274
2317
2273
2317
2316
2274
2275
2318
2274
2318
2317
2275
2276
2319
2275
2319
2318
2276
2277
2320
2276
2320
2319
2277
2278
2321
2277
2321
2320
2279
2280
2323
2279
2323
2322
2280
2281
2324
2280
2324
2323
2281
2282
2325
2281
2325
2324
2282
2283
2326
2282
2326
2325
2283
2284
2327
2283
2327
2326
2284
2285
2328
2284
2328
2327
2285
2286
2329
2285
2329
2328
2286
2287
2330
2286
2330
2329
2287
2288
2331
2287
2331
2330
2288
2289
2332
2288
2332
2331
2289
2290
2333
2289
2333
2332
2290
2291
2334
2290
2334
2333
2291
2292
2335
2291
2335
2334
2292
2293
2336
2292
2336
2335
2293
2294
2337
2293
2337
2336
2294
2295
2338
2294
2338
2337
2295
2296
2339
2295
2339
2338
2296
2297
2340
2296
2340
2339
2297
2298
2341
2297
2341
2340
2298
2299
2342
2298
2342
2341
2299
2300
2343
2299
2343
2342
2300
2301
2344
2300
2344
2343
2301
2302
2345
2301
2345
2344
2302
2303
2346
2302
2346
2345
2303
2304
2347
2303
2347
2346
2304
2305
2348
2304
2348
2347
2305
2306
2349
2305
2349
2348
2306
2307
2350
2306
2350
2349
2307
2308
2351
2307
2351
2350
2308
2309
2352
2308
2352
2351
2309
2310
2353
2309
2353
2352
2310
2311
2354
2310
2354
2353
2311
2312
2355
2311
2355
2354
2312
2313
2356
2312
2356
2355
2313
2314
2357
2313
2357
2356
2314
2315
2358
2314
2358
2357
2315
2316
2359
2315
2359
2358
2316
2317
2360
2316
2360
2359
2317
2318
2361
2317
2361
2360
2318
2319
2362
2318
2362
2361
2319
2320
2363
2319
2363
2362
2320
2321
2364
2320
2364
2363
2322
2323
2366
2322
2366
2365
2323
2324
2367
2323
2367
2366
2324
2325
2368
2324
2368
2367
2325
2326
2369
2325
2369
2368
2326
2327
2370
2326
2370
2369
2327
2328
2371
2327
2371
2370
2328
2329
2372
2328
2372
2371
2329
2330
2373
2329
2373
2372
2330
2331
2374
2330
2374
2373
2331
2332
2375
2331
2375
2374
2332
2333
2376
2332
2376
2375
2333
2334
2377
2333
2377
2376
2334
2335
2378
2334
2378
2377
2335
2336
2379
2335
2379
2378
2336
2337
2380
2336
2380
2379
2337
2338
2381
2337
2381
2380
2338
2339
2382
2338
2382
2381
2339
2340
2383
2339
2383
2382
2340
2341
2384
2340
2384
2383
2341
2342
2385
2341
2385
2384
2342
2343
2386
2342
2386
2385
2343
2344
2387
2343
2387
2386
2344
2345
2388
2344
2388
2387
2345
2346
2389
2345
2389
2388
2346
2347
2390
2346
2390
2389
2347
2348
2391
2347
2391
2390
2348
2349
2392
2348
2392
2391
2349
2350
2393
2349
2393
2392
2350
2351
2394
2350
2394
2393
2351
2352
2395
2351
2395
2394
2352
2353
2396
2352
2396
2395
2353
2354
2397
2353
2397
2396
2354
2355
2398
2354
2398
2397
2355
2356
2399
2355
2399
2398
2356
2357
2400
2356
2400
2399
2357
2358
2401
2357
2401
2400
2358
2359
2402
2358
2402
2401
2359
2360
2403
2359
2403
2402
2360
2361
2404
2360
2404
2403
2361
2362
2405
2361
2405
2404
2362
2363
2406
2362
2406
2405
2363
2364
2407
2363
2407
2406
2365
2366
2409
2365
2409
2408
2366
2367
2410
2366
2410
2409
2367
2368
2411
2367
2411
2410
2368
2369
2412
2368
2412
2411
2369
2370
2413
2369
2413
2412
2370
2371
2414
2370
2414
2413
2371
2372
2415
2371
2415
2414
2372
2373
2416
2372
2416
2415
2373
2374
2417
2373
2417
2416
2374
2375
2418
2374
2418
2417
2375
2376
2419
2375
2419
2418
2376
2377
2420
2376
2420
2419
2377
2378
2421
2377
2421
2420
2378
2379
2422
2378
2422
2421
2379
2380
2423
2379
2423
2422
2380
2381
2424
2380
2424
2423
2381
2382
2425
2381
2425
2424
2382
2383
2426
2382
2426
2425
2383
2384
2427
2383
2427
2426
2384
2385
2428
2384
2428
2427
2385
2386
2429
2385
2429
2428
2386
2387
2430
2386
2430
2429
2387
2388
2431
2387
2431
2430
2388
2389
2432
2388
2432
2431
2389
2390
2433
2389
2433
2432
2390
2391
2434
2390
2434
2433
2391
2392
2435
2391
2435
2434
2392
2393
2436
2392
2436
2435
2393
2394
2437
2393
2437
2436
2394
2395
2438
2394
2438
2437
2395
2396
2439
2395
2439
2438
2396
2397
2440
2396
2440
2439
2397
2398
2441
2397
2441
2440
2398
2399
2442
2398
2442
2441
2399
2400
2443
2399
2443
2442
2400
2401
2444
2400
2444
2443
2401
2402
2445
2401
2445
2444
2402
2403
2446
2402
2446
2445
2403
2404
2447
2403
2447
2446
2404
2405
2448
2404
2448
2447
2405
2406
2449
2405
2449
2448
2406
2407
2450
2406
2450
2449
2408
2409
2452
2408
2452
2451
2409
2410
2453
2409
2453
2452
2410
2411
2454
2410
2454
2453
2411
2412
2455
2411
2455
2454
2412
2413
2456
2412
2456
2455
2413
2414
2457
2413
2457
2456
2414
2415
2458
2414
2458
2457
2415
2416
2459
2415
2459
2458
2416
2417
2460
2416
2460
2459
2417
2418
2461
2417
2461
2460
2418
2419
2462
2418
2462
2461
2419
2420
2463
2419
2463
2462
2420
2421
2464
2420
2464
2463
2421
2422
2465
2421
2465
2464
2422
2423
2466
2422
2466
2465
2423
2424
2467
2423
2467
2466
2424
2425
2468
2424
2468
2467
2425
2426
2469
2425
2469
2468
2426
2427
2470
2426
2470
2469
2427
2428
2471
2427
2471
2470
2428
2429
2472
2428
2472
2471
2429
2430
2473
2429
2473
2472
2430
2431
2474
2430
2474
2473
2431
2432
2475
2431
2475
2474
2432
2433
2476
2432
2476
2475
2433
2434
2477
2433
2477
2476
2434
2435
2478
2434
2478
2477
2435
2436
2479
2435
2479
2478
2436
2437
2480
2436
2480
2479
2437
2438
2481
2437
2481
2480
2438
2439
2482
2438
2482
2481
2439
2440
2483
2439
2483
2482
2440
2441
2484
2440
2484
2483
2441
2442
2485
2441
2485
2484
2442
2443
2486
2442
2486
2485
2443
2444
2487
2443
2487
2486
2444
2445
2488
2444
2488
2487
2445
2446
2489
2445
2489
2488
2446
2447
2490
2446
2490
2489
2447
2448
2491
2447
2491
2490
2448
2449
2492
2448
2492
2491
2449
2450
2493
2449
2493
2492
2451
2452
2495
2451
2495
2494
2452
2453
2496
2452
2496
2495
2453
2454
2497
2453
2497
2496
2454
2455
2498
2454
2498
2497
2455
2456
2499
2455
2499
2498
2456
2457
2500
2456
2500
2499
2457
2458
2501
2457
2501
2500
2458
2459
2502
2458
2502
2501
2459
2460
2503
2459
2503
2502
2460
2461
2504
2460
2504
2503
2461
2462
2505
2461
2505
2504
2462
2463
2506
2462
2506
2505
2463
2464
2507
2463
2507
2506
2464
2465
2508
2464
2508
2507
2465
2466
2509
2465
2509
2508
2466
2467
2510
2466
2510
2509
2467
2468
2511
2467
2511
2510
2468
2469
2512
2468
2512
2511
2469
2470
2513
2469
2513
2512
2470
2471
2514
2470
2514
2513
2471
2472
2515
2471
2515
2514
2472
2473
2516
2472
2516
2515
2473
2474
2517
2473
2517
2516
2474
2475
2518
2474
2518
2517
2475
2476
2519
2475
2519
2518
2476
2477
2520
2476
2520
2519
2477
2478
2521
2477
2521
2520
2478
2479
2522
2478
2522
2521
2479
2480
2523
2479
2523
2522
2480
2481
2524
2480
2524
2523
2481
2482
2525
2481
2525
2524
2482
2483
2526
2482
2526
2525
2483
2484
2527
2483
2527
2526
2484
2485
2528
2484
2528
2527
2485
2486
2529
2485
2529
2528
2486
2487
2530
2486
2530
2529
2487
2488
2531
2487
2531
2530
2488
2489
2532
2488
2532
2531
2489
2490
2533
2489
2533
2532
2490
2491
2534
2490
2534
2533
2491
2492
2535
2491
2535
2534
2492
2493
2536
2492
2536
2535
2494
2495
2538
2494
2538
2537
2495
2496
2539
2495
2539
2538
2496
2497
2540
2496
2540
2539
2497
2498
2541
2497
2541
2540
2498
2499
2542
2498
2542
2541
2499
2500
2543
2499
2543
2542
2500
2501
2544
2500
2544
2543
2501
2502
2545
2501
2545
2544
2502
2503
2546
2502
2546
2545
2503
2504
2547
2503
2547
2546
2504
2505
2548
2504
2548
2547
2505
2506
2549
2505
2549
2548
2506
2507
2550
2506
2550
2549
2507
2508
2551
2507
2551
2550
2508
2509
2552
2508
2552
2551
2509
2510
2553
2509
2553
2552
2510
2511
2554
2510
2554
2553
2511
2512
2555
2511
2555
2554
2512
2513
2556
2512
2556
2555
2513
2514
2557
2513
2557
2556
2514
2515
2558
2514
2558
2557
2515
2516
2559
2515
2559
2558
2516
2517
2560
2516
2560
2559
2517
2518
2561
2517
2561
2560
2518
2519
2562
2518
2562
2561
2519
2520
2563
2519
2563
2562
2520
2521
2564
2520
2564
2563
2521
2522
2565
2521
2565
2564
2522
2523
2566
2522
2566
2565
2523
2524
2567
2523
2567
2566
2524
2525
2568
2524
2568
2567
2525
2526
2569
2525
2569
2568
2526
2527
2570
2526
2570
2569
2527
2528
2571
2527
2571
2570
2528
2529
2572
2528
2572
2571
2529
2530
2573
2529
2573
2572
2530
2531
2574
2530
2574
2573
2531
2532
2575
2531
2575
2574
2532
2533
2576
2532
2576
2575
2533
2534
2577
2533
2577
2576
2534
2535
2578
2534
2578
2577
2535
2536
2579
2535
2579
2578
2537
2538
2581
2537
2581
2580
2538
2539
2582
2538
2582
2581
2539
2540
2583
2539
2583
2582
2540
2541
2584
2540
2584
2583
2541
2542
2585
2541
2585
2584
2542
2543
2586
2542
2586
2585
2543
2544
2587
2543
2587
2586
2544
2545
2588
2544
2588
2587
2545
2546
2589
2545
2589
2588
2546
2547
2590
2546
2590
2589
2547
2548
2591
2547
2591
2590
2548
2549
2592
2548
2592
2591
2549
2550
2593
2549
2593
2592
2550
2551
2594
2550
2594
2593
2551
2552
2595
2551
2595
2594
2552
2553
2596
2552
2596
2595
2553
2554
2597
2553
2597
2596
2554
2555
2598
2554
2598
2597
2555
2556
2599
2555
2599
2598
2556
2557
2600
2556
2600
2599
2557
2558
2601
2557
2601
2600
2558
2559
2602
2558
2602
2601
2559
2560
2603
2559
2603
2602
2560
2561
2604
2560
2604
2603
2561
2562
2605
2561
2605
2604
2562
2563
2606
2562
2606
2605
2563
2564
2607
2563
2607
2606
2564
2565
2608
2564
2608
2607
2565
2566
2609
2565
2609
2608
2566
2567
2610
2566
2610
2609
2567
2568
2611
2567
2611
2610
2568
2569
2612
2568
2612
2611
2569
2570
2613
2569
2613
2612
2570
2571
2614
2570
2614
2613
2571
2572
2615
2571
2615
2614
2572
2573
2616
2572
2616
2615
2573
2574
2617
2573
2617
2616
2574
2575
2618
2574
2618
2617
2575
2576
2619
2575
2619
2618
2576
2577
2620
2576
2620
2619
2577
2578
2621
2577
2621
2620
2578
2579
2622
2578
2622
2621
2580
2581
2624
2580
2624
2623
2581
2582
2625
2581
2625
2624
2582
2583
2626
2582
2626
2625
2583
2584
2627
2583
2627
2626
2584
2585
2628
2584
2628
2627
2585
2586
2629
2585
2629
2628
2586
2587
2630
2586
2630
2629
2587
2588
2631
2587
2631
2630
2588
2589
2632
2588
2632
2631
2589
2590
2633
2589
2633
2632
2590
2591
2634
2590
2634
2633
2591
2592
2635
2591
2635
2634
2592
2593
2636
2592
2636
2635
2593
2594
2637
2593
2637
2636
2594
2595
2638
2594
2638
2637
2595
2596
2639
2595
2639
2638
2596
2597
2640
2596
2640
2639
2597
2598
2641
2597
2641
2640
2598
2599
2642
2598
2642
2641
2599
2600
2643
2599
2643
2642
2600
2601
2644
2600
2644
2643
2601
2602
2645
2601
2645
2644
2602
2603
2646
2602
2646
2645
2603
2604
2647
2603
2647
2646
2604
2605
2648
2604
2648
2647
2605
2606
2649
2605
2649
2648
2606
2607
2650
2606
2650
2649
2607
2608
2651
2607
2651
2650
2608
2609
2652
2608
2652
2651
2609
2610
2653
2609
2653
2652
2610
2611
2654
2610
2654
2653
2611
2612
2655
2611
2655
2654
2612
2613
2656
2612
2656
2655
2613
2614
2657
2613
2657
2656
2614
2615
2658
2614
2658
2657
2615
2616
2659
2615
2659
2658
2616
2617
2660
2616
2660
2659
2617
2618
2661
2617
2661
2660
2618
2619
2662
2618
2662
2661
2619
2620
2663
2619
2663
2662
2620
2621
2664
2620
2664
2663
2621
2622
2665
2621
2665
2664
2623
2624
2667
2623
2667
2666
2624
2625
2668
2624
2668
2667
2625
2626
2669
2625
2669
2668
2626
2627
2670
2626
2670
2669
2627
2628
2671
2627
2671
2670
2628
2629
2672
2628
2672
2671
2629
2630
2673
2629
2673
2672
2630
2631
2674
2630
2674
2673
2631
2632
2675
2631
2675
2674
2632
2633
2676
2632
2676
2675
2633
2634
2677
2633
2677
2676
2634
2635
2678
2634
2678
2677
2635
2636
2679
2635
2679
2678
2636
2637
2680
2636
2680
2679
2637
2638
2681
2637
2681
2680
2638
2639
2682
2638
2682
2681
2639
2640
2683
2639
2683
2682
2640
2641
2684
2640
2684
2683
2641
2642
2685
2641
2685
2684
2642
2643
2686
2642
2686
2685
2643
2644
2687
2643
2687
2686
2644
2645
2688
2644
2688
2687
2645
2646
2689
2645
2689
2688
2646
2647
2690
2646
2690
2689
2647
2648
2691
2647
2691
2690
2648
2649
2692
2648
2692
2691
2649
2650
2693
2649
2693
2692
2650
2651
2694
2650
2694
2693
2651
2652
2695
2651
2695
2694
2652
2653
2696
2652
2696
2695
2653
2654
2697
2653
2697
2696
2654
2655
2698
2654
2698
2697
2655
2656
2699
2655
2699
2698
2656
2657
2700
2656
2700
2699
2657
2658
2701
2657
2701
2700
2658
2659
2702
2658
2702
2701
2659
2660
2703
2659
2703
2702
2660
2661
2704
2660
2704
2703
2661
2662
2705
2661
2705
2704
2662
2663
2706
2662
2706
2705
2663
2664
2707
2663
2707
2706
2664
2665
2708
2664
2708
2707
2666
2667
2710
2666
2710
2709
2667
2668
2711
2667
2711
2710
2668
2669
2712
2668
2712
2711
2669
2670
2713
2669
2713
2712
2670
2671
2714
2670
2714
2713
2671
2672
2715
2671
2715
2714
2672
2673
2716
2672
2716
2715
2673
2674
2717
2673
2717
2716
2674
2675
2718
2674
2718
2717
2675
2676
2719
2675
2719
2718
2676
2677
2720
2676
2720
2719
2677
2678
2721
2677
2721
2720
2678
2679
2722
2678
2722
2721
2679
2680
2723
2679
2723
2722
2680
2681
2724
2680
2724
2723
2681
2682
2725
2681
2725
2724
2682
2683
2726
2682
2726
2725
2683
2684
2727
2683
2727
2726
2684
2685
2728
2684
2728
2727
2685
2686
2729
2685
2729
2728
2686
2687
2730
2686
2730
2729
2687
2688
2731
2687
2731
2730
2688
2689
2732
2688
2732
2731
2689
2690
2733
2689
2733
2732
2690
2691
2734
2690
2734
2733
2691
2692
2735
2691
2735
2734
2692
2693
2736
2692
2736
2735
2693
2694
2737
2693
2737
2736
2694
2695
2738
2694
2738
2737
2695
2696
2739
2695
2739
2738
2696
2697
2740
2696
2740
2739
2697
2698
2741
2697
2741
2740
2698
2699
2742
2698
2742
2741
2699
2700
2743
2699
2743
2742
2700
2701
2744
2700
2744
2743
2701
2702
2745
2701
2745
2744
2702
2703
2746
2702
2746
2745
2703
2704
2747
2703
2747
2746
2704
2705
2748
2704
2748
2747
2705
2706
2749
2705
2749
2748
2706
2707
2750
2706
2750
2749
2707
2708
2751
2707
2751
2750
2709
2710
2753
2709
2753
2752
2710
2711
2754
2710
2754
2753
2711
2712
2755
2711
2755
2754
2712
2713
2756
2712
2756
2755
2713
2714
2757
2713
2757
2756
2714
2715
2758
2714
2758
2757
2715
2716
2759
2715
2759
2758
2716
2717
2760
2716
2760
2759
2717
2718
2761
2717
2761
2760
2718
2719
2762
2718
2762
2761
2719
2720
2763
2719
2763
2762
2720
2721
2764
2720
2764
2763
2721
2722
2765
2721
2765
2764
2722
2723
2766
2722
2766
2765
2723
2724
2767
2723
2767
2766
2724
2725
2768
2724
2768
2767
2725
2726
2769
2725
2769
2768
2726
2727
2770
2726
2770
2769
2727
2728
2771
2727
2771
2770
2728
2729
2772
2728
2772
2771
2729
2730
2773
2729
2773
2772
2730
2731
2774
2730
2774
2773
2731
2732
2775
2731
2775
2774
2732
2733
2776
2732
2776
2775
2733
2734
2777
2733
2777
2776
2734
2735
2778
2734
2778
2777
2735
2736
2779
2735
2779
2778
2736
2737
2780
2736
2780
2779
2737
2738
2781
2737
2781
2780
2738
2739
2782
2738
2782
2781
2739
2740
2783
2739
2783
2782
2740
2741
2784
2740
2784
2783
2741
2742
2785
2741
2785
2784
2742
2743
2786
2742
2786
2785
2743
2744
2787
2743
2787
2786
2744
2745
2788
2744
2788
2787
2745
2746
2789
2745
2789
2788
2746
2747
2790
2746
2790
2789
2747
2748
2791
2747
2791
2790
2748
2749
2792
2748
2792
2791
2749
2750
2793
2749
2793
2792
2750
2751
2794
2750
2794
2793
2752
2753
2796
2752
2796
2795
2753
2754
2797
2753
2797
2796
2754
2755
2798
2754
2798
2797
2755
2756
2799
2755
2799
2798
2756
2757
2800
2756
2800
2799
2757
2758
2801
2757
2801
2800
2758
2759
2802
2758
2802
2801
2759
2760
2803
2759
2803
2802
2760
2761
2804
2760
2804
2803
2761
2762
2805
2761
2805
2804
2762
2763
2806
2762
2806
2805
2763
2764
2807
2763
2807
2806
2764
2765
2808
2764
2808
2807
2765
2766
2809
2765
2809
2808
2766
2767
2810
2766
2810
2809
2767
2768
2811
2767
2811
2810
2768
2769
2812
2768
2812
2811
2769
2770
2813
2769
2813
2812
2770
2771
2814
2770
2814
2813
2771
2772
2815
2771
2815
2814
2772
2773
2816
2772
2816
2815
2773
2774
2817
2773
2817
2816
2774
2775
2818
2774
2818
2817
2775
2776
2819
2775
2819
2818
2776
2777
2820
2776
2820
2819
2777
2778
2821
2777
2821
2820
2778
2779
2822
2778
2822
2821
2779
2780
2823
2779
2823
2822
2780
2781
2824
2780
2824
2823
2781
2782
2825
2781
2825
2824
2782
2783
2826
2782
2826
2825
2783
2784
2827
2783
2827
2826
2784
2785
2828
2784
2828
2827
2785
2786
2829
2785
2829
2828
2786
2787
2830
2786
2830
2829
2787
2788
2831
2787
2831
2830
2788
2789
2832
2788
2832
2831
2789
2790
2833
2789
2833
2832
2790
2791
2834
2790
2834
2833
2791
2792
2835
2791
2835
2834
2792
2793
2836
2792
2836
2835
2793
2794
2837
2793
2837
2836
2795
2796
2839
2795
2839
2838
2796
2797
2840
2796
2840
2839
2797
2798
2841
2797
2841
2840
2798
2799
2842
2798
2842
2841
2799
2800
2843
2799
2843
2842
2800
2801
2844
2800
2844
2843
2801
2802
2845
2801
2845
2844
2802
2803
2846
2802
2846
2845
2803
2804
2847
2803
2847
2846
2804
2805
2848
2804
2848
2847
2805
2806
2849
2805
2849
2848
2806
2807
2850
2806
2850
2849
2807
2808
2851
2807
2851
2850
2808
2809
2852
2808
2852
2851
2809
2810
2853
2809
2853
2852
2810
2811
2854
2810
2854
2853
2811
2812
2855
2811
2855
2854
2812
2813
2856
2812
2856
2855
2813
2814
2857
2813
2857
2856
2814
2815
2858
2814
2858
2857
2815
2816
2859
2815
2859
2858
2816
2817
2860
2816
2860
2859
2817
2818
2861
2817
2861
2860
2818
2819
2862
2818
2862
2861
2819
2820
2863
2819
2863
2862
2820
2821
2864
2820
2864
2863
2821
2822
2865
2821
2865
2864
2822
2823
2866
2822
2866
2865
2823
2824
2867
2823
2867
2866
2824
2825
2868
2824
2868
2867
2825
2826
2869
2825
2869
2868
2826
2827
2870
2826
2870
2869
2827
2828
2871
2827
2871
2870
2828
2829
2872
2828
2872
2871
2829
2830
2873
2829
2873
2872
2830
2831
2874
2830
2874
2873
2831
2832
2875
2831
2875
2874
2832
2833
2876
2832
2876
2875
2833
2834
2877
2833
2877
2876
2834
2835
2878
2834
2878
2877
2835
2836
2879
2835
2879
2878
2836
2837
2880
2836
2880
2879
2838
2839
2882
2838
2882
2881
2839
2840
2883
2839
2883
2882
2840
2841
2884
2840
2884
2883
2841
2842
2885
2841
2885
2884
2842
2843
2886
2842
2886
2885
2843
2844
2887
2843
2887
2886
2844
2845
2888
2844
2888
2887
2845
2846
2889
2845
2889
2888
2846
2847
2890
2846
2890
2889
2847
2848
2891
2847
2891
2890
2848
2849
2892
2848
2892
2891
2849
2850
2893
2849
2893
2892
2850
2851
2894
2850
2894
2893
2851
2852
2895
2851
2895
2894
2852
2853
2896
2852
2896
2895
2853
2854
2897
2853
2897
2896
2854
2855
2898
2854
2898
2897
2855
2856
2899
2855
2899
2898
2856
2857
2900
2856
2900
2899
2857
2858
2901
2857
2901
2900
2858
2859
2902
2858
2902
2901
2859
2860
2903
2859
2903
2902
2860
2861
2904
2860
2904
2903
2861
2862
2905
2861
2905
2904
2862
2863
2906
2862
2906
2905
2863
2864
2907
2863
2907
2906
2864
2865
2908
2864
2908
2907
2865
2866
2909
2865
2909
2908
2866
2867
2910
2866
2910
2909
2867
2868
2911
2867
2911
2910
2868
2869
2912
2868
2912
2911
2869
2870
2913
2869
2913
2912
2870
2871
2914
2870
2914
2913
2871
2872
2915
2871
2915
2914
2872
2873
2916
2872
2916
2915
2873
2874
2917
2873
2917
2916
2874
2875
2918
2874
2918
2917
2875
2876
2919
2875
2919
2918
2876
2877
2920
2876
2920
2919
2877
2878
2921
2877
2921
2920
2878
2879
2922
2878
2922
2921
2879
2880
2923
2879
2923
2922
2881
2882
2925
2881
2925
2924
2882
2883
2926
2882
2926
2925
2883
2884
2927
2883
2927
2926
2884
2885
2928
2884
2928
2927
2885
2886
2929
2885
2929
2928
2886
2887
2930
2886
2930
2929
2887
2888
2931
2887
2931
2930
2888
2889
2932
2888
2932
2931
2889
2890
2933
2889
2933
2932
2890
2891
2934
2890
2934
2933
2891
2892
2935
2891
2935
2934
2892
2893
2936
2892
2936
2935
2893
2894
2937
2893
2937
2936
2894
2895
2938
2894
2938
2937
2895
2896
2939
2895
2939
2938
2896
2897
2940
2896
2940
2939
2897
2898
2941
2897
2941
2940
2898
2899
2942
2898
2942
2941
2899
2900
2943
2899
2943
2942
2900
2901
2944
2900
2944
2943
2901
2902
2945
2901
2945
2944
2902
2903
2946
2902
2946
2945
2903
2904
2947
2903
2947
2946
2904
2905
2948
2904
2948
2947
2905
2906
2949
2905
2949
2948
2906
2907
2950
2906
2950
2949
2907
2908
2951
2907
2951
2950
2908
2909
2952
2908
2952
2951
2909
2910
2953
2909
2953
2952
2910
2911
2954
2910
2954
2953
2911
2912
2955
2911
2955
2954
2912
2913
2956
2912
2956
2955
2913
2914
2957
2913
2957
2956
2914
2915
2958
2914
2958
2957
2915
2916
2959
2915
2959
2958
2916
2917
2960
2916
2960
2959
2917
2918
2961
2917
2961
2960
2918
2919
2962
2918
2962
2961
2919
2920
2963
2919
2963
2962
2920
2921
2964
2920
2964
2963
2921
2922
2965
2921
2965
2964
2922
2923
2966
2922
2966
2965
2924
2925
2968
2924
2968
2967
2925
2926
2969
2925
2969
2968
2926
2927
2970
2926
2970
2969
2927
2928
2971
2927
2971
2970
2928
2929
2972
2928
2972
2971
2929
2930
2973
2929
2973
2972
2930
2931
2974
2930
2974
2973
2931
2932
2975
2931
2975
2974
2932
2933
2976
2932
2976
2975
2933
2934
2977
2933
2977
2976
2934
2935
2978
2934
2978
2977
2935
2936
2979
2935
2979
2978
2936
2937
2980
2936
2980
2979
2937
2938
2981
2937
2981
2980
2938
2939
2982
2938
2982
2981
2939
2940
2983
2939
2983
2982
2940
2941
2984
2940
2984
2983
2941
2942
2985
2941
2985
2984
2942
2943
2986
2942
2986
2985
2943
2944
2987
2943
2987
2986
2944
2945
2988
2944
2988
2987
2945
2946
2989
2945
2989
2988
2946
2947
2990
2946
2990
2989
2947
2948
2991
2947
2991
2990
2948
2949
2992
2948
2992
2991
2949
2950
2993
2949
2993
2992
2950
2951
2994
2950
2994
2993
2951
2952
2995
2951
2995
2994
2952
2953
2996
2952
2996
2995
2953
2954
2997
2953
2997
2996
2954
2955
2998
2954
2998
2997
2955
2956
2999
2955
2999
2998
2956
2957
3000
2956
3000
2999
2957
2958
3001
2957
3001
3000
2958
2959
3002
2958
3002
3001
2959
2960
3003
2959
3003
3002
2960
2961
3004
2960
3004
3003
2961
2962
3005
2961
3005
3004
2962
2963
3006
2962
3006
3005
2963
2964
3007
2963
3007
3006
2964
2965
3008
2964
3008
3007
2965
2966
3009
2965
3009
3008
2967
2968
3011
2967
3011
3010
2968
2969
3012
2968
3012
3011
2969
2970
3013
2969
3013
3012
2970
2971
3014
2970
3014
3013
2971
2972
3015
2971
3015
3014
2972
2973
3016
2972
3016
3015
2973
2974
3017
2973
3017
3016
2974
2975
3018
2974
3018
3017
2975
2976
3019
2975
3019
3018
2976
2977
3020
2976
3020
3019
2977
2978
3021
2977
3021
3020
2978
2979
3022
2978
3022
3021
2979
2980
3023
2979
3023
3022
2980
2981
3024
2980
3024
3023
2981
2982
3025
2981
3025
3024
2982
2983
3026
2982
3026
3025
2983
2984
3027
2983
3027
3026
2984
2985
3028
2984
3028
3027
2985
2986
3029
2985
3029
3028
2986
2987
3030
2986
3030
3029
2987
2988
3031
2987
3031
3030
2988
2989
3032
2988
3032
3031
2989
2990
3033
2989
3033
3032
2990
2991
3034
2990
3034
3033
2991
2992
3035
2991
3035
3034
2992
2993
3036
2992
3036
3035
2993
2994
3037
2993
3037
3036
2994
2995
3038
2994
3038
3037
2995
2996
3039
2995
3039
3038
2996
2997
3040
2996
3040
3039
2997
2998
3041
2997
3041
3040
2998
2999
3042
2998
3042
3041
2999
3000
3043
2999
3043
3042
3000
3001
3044
3000
3044
3043
3001
3002
3045
3001
3045
3044
3002
3003
3046
3002
3046
3045
3003
3004
3047
3003
3047
3046
3004
3005
3048
3004
3048
3047
3005
3006
3049
3005
3049
3048
3006
3007
3050
3006
3050
3049
3007
3008
3051
3007
3051
3050
3008
3009
3052
3008
3052
3051
3010
3011
3054
3010
3054
3053
3011
3012
3055
3011
3055
3054
3012
3013
3056
3012
3056
3055
3013
3014
3057
3013
3057
3056
3014
3015
3058
3014
3058
3057
3015
3016
3059
3015
3059
3058
3016
3017
3060
3016
3060
3059
3017
3018
3061
3017
3061
3060
3018
3019
3062
3018
3062
3061
3019
3020
3063
3019
3063
3062
3020
3021
3064
3020
3064
3063
3021
3022
3065
3021
3065
3064
3022
3023
3066
3022
3066
3065
3023
3024
3067
3023
3067
3066
3024
3025
3068
3024
3068
3067
3025
3026
3069
3025
3069
3068
3026
3027
3070
3026
3070
3069
3027
3028
3071
3027
3071
3070
3028
3029
3072
3028
3072
3071
3029
3030
3073
3029
3073
3072
3030
3031
3074
3030
3074
3073
3031
3032
3075
3031
3075
3074
3032
3033
3076
3032
3076
3075
3033
3034
3077
3033
3077
3076
3034
3035
3078
3034
3078
3077
3035
3036
3079
3035
3079
3078
3036
3037
3080
3036
3080
3079
3037
3038
3081
3037
3081
3080
3038
3039
3082
3038
3082
3081
3039
3040
3083
3039
3083
3082
3040
3041
3084
3040
3084
3083
3041
3042
3085
3041
3085
3084
3042
3043
3086
3042
3086
3085
3043
3044
3087
3043
3087
3086
3044
3045
3088
3044
3088
3087
3045
3046
3089
3045
3089
3088
3046
3047
3090
3046
3090
3089
3047
3048
3091
3047
3091
3090
3048
3049
3092
3048
3092
3091
3049
3050
3093
3049
3093
3092
3050
3051
3094
3050
3094
3093
3051
3052
3095
3051
3095
3094
3053
3054
3097
3053
3097
3096
3054
3055
3098
3054
3098
3097
3055
3056
3099
3055
3099
3098
3056
3057
3100
3056
3100
3099
3057
3058
3101
3057
3101
3100
3058
3059
3102
3058
3102
3101
3059
3060
3103
3059
3103
3102
3060
3061
3104
3060
3104
3103
3061
3062
3105
3061
3105
3104
3062
3063
3106
3062
3106
3105
3063
3064
3107
3063
3107
3106
3064
3065
3108
3064
3108
3107
3065
3066
3109
3065
3109
3108
3066
3067
3110
3066
3110
3109
3067
3068
3111
3067
3111
3110
3068
3069
3112
3068
3112
3111
3069
3070
3113
3069
3113
3112
3070
3071
3114
3070
3114
3113
3071
3072
3115
3071
3115
3114
3072
3073
3116
3072
3116
3115
3073
3074
3117
3073
3117
3116
3074
3075
3118
3074
3118
3117
3075
3076
3119
3075
3119
3118
3076
3077
3120
3076
3120
3119
3077
3078
3121
3077
3121
3120
3078
3079
3122
3078
3122
3121
3079
3080
3123
3079
3123
3122
3080
3081
3124
3080
3124
3123
3081
3082
3125
3081
3125
3124
3082
3083
3126
3082
3126
3125
3083
3084
3127
3083
3127
3126
3084
3085
3128
3084
3128
3127
3085
3086
3129
3085
3129
3128
3086
3087
3130
3086
3130
3129
3087
3088
3131
3087
3131
3130
3088
3089
3132
3088
3132
3131
3089
3090
3133
3089
3133
3132
3090
3091
3134
3090
3134
3133
3091
3092
3135
3091
3135
3134
3092
3093
3136
3092
3136
3135
3093
3094
3137
3093
3137
3136
3094
3095
3138
3094
3138
3137
3096
3097
3140
3096
3140
3139
3097
3098
3141
3097
3141
3140
3098
3099
3142
3098
3142
3141
3099
3100
3143
3099
3143
3142
3100
3101
3144
3100
3144
3143
3101
3102
3145
3101
3145
3144
3102
3103
3146
3102
3146
3145
3103
3104
3147
3103
3147
3146
3104
3105
3148
3104
3148
3147
3105
3106
3149
3105
3149
3148
3106
3107
3150
3106
3150
3149
3107
3108
3151
3107
3151
3150
3108
3109
3152
3108
3152
3151
3109
3110
3153
3109
3153
3152
3110
3111
3154
3110
3154
3153
3111
3112
3155
3111
3155
3154
3112
3113
3156
3112
3156
3155
3113
3114
3157
3113
3157
3156
3114
3115
3158
3114
3158
3157
3115
3116
3159
3115
3159
3158
3116
3117
3160
3116
3160
3159
3117
3118
3161
3117
3161
3160
3118
3119
3162
3118
3162
3161
3119
3120
3163
3119
3163
3162
3120
3121
3164
3120
3164
3163
3121
3122
3165
3121
3165
3164
3122
3123
3166
3122
3166
3165
3123
3124
3167
3123
3167
3166
3124
3125
3168
3124
3168
3167
3125
3126
3169
3125
3169
3168
3126
3127
3170
3126
3170
3169
3127
3128
3171
3127
3171
3170
3128
3129
3172
3128
3172
3171
3129
3130
3173
3129
3173
3172
3130
3131
3174
3130
3174
3173
3131
3132
3175
3131
3175
3174
3132
3133
3176
3132
3176
3175
3133
3134
3177
3133
3177
3176
3134
3135
3178
3134
3178
3177
3135
3136
3179
3135
3179
3178
3136
3137
3180
3136
3180
3179
3137
3138
3181
3137
3181
3180
3139
3140
3183
3139
3183
3182
3140
3141
3184
3140
3184
3183
3141
3142
3185
3141
3185
3184
3142
3143
3186
3142
3186
3185
3143
3144
3187
3143
3187
3186
3144
3145
3188
3144
3188
3187
3145
3146
3189
3145
3189
3188
3146
3147
3190
3146
3190
3189
3147
3148
3191
3147
3191
3190
3148
3149
3192
3148
3192
3191
3149
3150
3193
3149
3193
3192
3150
3151
3194
3150
3194
3193
3151
3152
3195
3151
3195
3194
3152
3153
3196
3152
3196
3195
3153
3154
3197
3153
3197
3196
3154
3155
3198
3154
3198
3197
3155
3156
3199
3155
3199
3198
3156
3157
3200
3156
3200
3199
3157
3158
3201
3157
3201
3200
3158
3159
3202
3158
3202
3201
3159
3160
3203
3159
3203
3202
3160
3161
3204
3160
3204
3203
3161
3162
3205
3161
3205
3204
3162
3163
3206
3162
3206
3205
3163
3164
3207
3163
3207
3206
3164
3165
3208
3164
3208
3207
3165
3166
3209
3165
3209
3208
3166
3167
3210
3166
3210
3209
3167
3168
3211
3167
3211
3210
3168
3169
3212
3168
3212
3211
3169
3170
3213
3169
3213
3212
3170
3171
3214
3170
3214
3213
3171
3172
3215
3171
3215
3214
3172
3173
3216
3172
3216
3215
3173
3174
3217
3173
3217
3216
3174
3175
3218
3174
3218
3217
3175
3176
3219
3175
3219
3218
3176
3177
3220
3176
3220
3219
3177
3178
3221
3177
3221
3220
3178
3179
3222
3178
3222
3221
3179
3180
3223
3179
3223
3222
3180
3181
3224
3180
3224
3223
3182
3183
3226
3182
3226
3225
3183
3184
3227
3183
3227
3226
3184
3185
3228
3184
3228
3227
3185
3186
3229
3185
3229
3228
3186
3187
3230
3186
3230
3229
3187
3188
3231
3187
3231
3230
3188
3189
3232
3188
3232
3231
3189
3190
3233
3189
3233
3232
3190
3191
3234
3190
3234
3233
3191
3192
3235
3191
3235
3234
3192
3193
3236
3192
3236
3235
3193
3194
3237
3193
3237
3236
3194
3195
3238
3194
3238
3237
3195
3196
3239
3195
3239
3238
3196
3197
3240
3196
3240
3239
3197
3198
3241
3197
3241
3240
3198
3199
3242
3198
3242
3241
3199
3200
3243
3199
3243
3242
3200
3201
3244
3200
3244
3243
3201
3202
3245
3201
3245
3244
3202
3203
3246
3202
3246
3245
3203
3204
3247
3203
3247
3246
3204
3205
3248
3204
3248
3247
3205
3206
3249
3205
3249
3248
3206
3207
3250
3206
3250
3249
3207
3208
3251
3207
3251
3250
3208
3209
3252
3208
3252
3251
3209
3210
3253
3209
3253
3252
3210
3211
3254
3210
3254
3253
3211
3212
3255
3211
3255
3254
3212
3213
3256
3212
3256
3255
3213
3214
3257
3213
3257
3256
3214
3215
3258
3214
3258
3257
3215
3216
3259
3215
3259
3258
3216
3217
3260
3216
3260
3259
3217
3218
3261
3217
3261
3260
3218
3219
3262
3218
3262
3261
3219
3220
3263
3219
3263
3262
3220
3221
3264
3220
3264
3263
3221
3222
3265
3221
3265
3264
3222
3223
3266
3222
3266
3265
3223
3224
3267
3223
3267
3266
3225
3226
3269
3225
3269
3268
3226
3227
3270
3226
3270
3269
3227
3228
3271
3227
3271
3270
3228
3229
3272
3228
3272
3271
3229
3230
3273
3229
3273
3272
3230
3231
3274
3230
3274
3273
3231
3232
3275
3231
3275
3274
3232
3233
3276
3232
3276
3275
3233
3234
3277
3233
3277
3276
3234
3235
3278
3234
3278
3277
3235
3236
3279
3235
3279
3278
3236
3237
3280
3236
3280
3279
3237
3238
3281
3237
3281
3280
3238
3239
3282
3238
3282
3281
3239
3240
3283
3239
3283
3282
3240
3241
3284
3240
3284
3283
3241
3242
3285
3241
3285
3284
3242
3243
3286
3242
3286
3285
3243
3244
3287
3243
3287
3286
3244
3245
3288
3244
3288
3287
3245
3246
3289
3245
3289
3288
3246
3247
3290
3246
3290
3289
3247
3248
3291
3247
3291
3290
3248
3249
3292
3248
3292
3291
3249
3250
3293
3249
3293
3292
3250
3251
3294
3250
3294
3293
3251
3252
3295
3251
3295
3294
3252
3253
3296
3252
3296
3295
3253
3254
3297
3253
3297
3296
3254
3255
3298
3254
3298
3297
3255
3256
3299
3255
3299
3298
3256
3257
3300
3256
3300
3299
3257
3258
3301
3257
3301
3300
3258
3259
3302
3258
3302
3301
3259
3260
3303
3259
3303
3302
3260
3261
3304
3260
3304
3303
3261
3262
3305
3261
3305
3304
3262
3263
3306
3262
3306
3305
3263
3264
3307
3263
3307
3306
3264
3265
3308
3264
3308
3307
3265
3266
3309
3265
3309
3308
3266
3267
3310
3266
3310
3309
3268
3269
3312
3268
3312
3311
3269
3270
3313
3269
3313
3312
3270
3271
3314
3270
3314
3313
3271
3272
3315
3271
3315
3314
3272
3273
3316
3272
3316
3315
3273
3274
3317
3273
3317
3316
3274
3275
3318
3274
3318
3317
3275
3276
3319
3275
3319
3318
3276
3277
3320
3276
3320
3319
3277
3278
3321
3277
3321
3320
3278
3279
3322
3278
3322
3321
3279
3280
3323
3279
3323
3322
3280
3281
3324
3280
3324
3323
3281
3282
3325
3281
3325
3324
3282
3283
3326
3282
3326
3325
3283
3284
3327
3283
3327
3326
3284
3285
3328
3284
3328
3327
3285
3286
3329
3285
3329
3328
3286
3287
3330
3286
3330
3329
3287
3288
3331
3287
3331
3330
3288
3289
3332
3288
3332
3331
3289
3290
3333
3289
3333
3332
3290
3291
3334
3290
3334
3333
3291
3292
3335
3291
3335
3334
3292
3293
3336
3292
3336
3335
3293
3294
3337
3293
3337
3336
3294
3295
3338
3294
3338
3337
3295
3296
3339
3295
3339
3338
3296
3297
3340
3296
3340
3339
3297
3298
3341
3297
3341
3340
3298
3299
3342
3298
3342
3341
3299
3300
3343
3299
3343
3342
3300
3301
3344
3300
3344
3343
3301
3302
3345
3301
3345
3344
3302
3303
3346
3302
3346
3345
3303
3304
3347
3303
3347
3346
3304
3305
3348
3304
3348
3347
3305
3306
3349
3305
3349
3348
3306
3307
3350
3306
3350
3349
3307
3308
3351
3307
3351
3350
3308
3309
3352
3308
3352
3351
3309
3310
3353
3309
3353
3352
3311
3312
3355
3311
3355
3354
3312
3313
3356
3312
3356
3355
3313
3314
3357
3313
3357
3356
3314
3315
3358
3314
3358
3357
3315
3316
3359
3315
3359
3358
3316
3317
3360
3316
3360
3359
3317
3318
3361
3317
3361
3360
3318
3319
3362
3318
3362
3361
3319
3320
3363
3319
3363
3362
3320
3321
3364
3320
3364
3363
3321
3322
3365
3321
3365
3364
3322
3323
3366
3322
3366
3365
3323
3324
3367
3323
3367
3366
3324
3325
3368
3324
3368
3367
3325
3326
3369
3325
3369
3368
3326
3327
3370
3326
3370
3369
3327
3328
3371
3327
3371
3370
3328
3329
3372
3328
3372
3371
3329
3330
3373
3329
3373
3372
3330
3331
3374
3330
3374
3373
3331
3332
3375
3331
3375
3374
3332
3333
3376
3332
3376
3375
3333
3334
3377
3333
3377
3376
3334
3335
3378
3334
3378
3377
3335
3336
3379
3335
3379
3378
3336
3337
3380
3336
3380
3379
3337
3338
3381
3337
3381
3380
3338
3339
3382
3338
3382
3381
3339
3340
3383
3339
3383
3382
3340
3341
3384
3340
3384
3383
3341
3342
3385
3341
3385
3384
3342
3343
3386
3342
3386
3385
3343
3344
3387
3343
3387
3386
3344
3345
3388
3344
3388
3387
3345
3346
3389
3345
3389
3388
3346
3347
3390
3346
3390
3389
3347
3348
3391
3347
3391
3390
3348
3349
3392
3348
3392
3391
3349
3350
3393
3349
3393
3392
3350
3351
3394
3350
3394
3393
3351
3352
3395
3351
3395
3394
3352
3353
3396
3352
3396
3395
3354
3355
3398
3354
3398
3397
3355
3356
3399
3355
3399
3398
3356
3357
3400
3356
3400
3399
3357
3358
3401
3357
3401
3400
3358
3359
3402
3358
3402
3401
3359
3360
3403
3359
3403
3402
3360
3361
3404
3360
3404
3403
3361
3362
3405
3361
3405
3404
3362
3363
3406
3362
3406
3405
3363
3364
3407
3363
3407
3406
3364
3365
3408
3364
3408
3407
3365
3366
3409
3365
3409
3408
3366
3367
3410
3366
3410
3409
3367
3368
3411
3367
3411
3410
3368
3369
3412
3368
3412
3411
3369
3370
3413
3369
3413
3412
3370
3371
3414
3370
3414
3413
3371
3372
3415
3371
3415
3414
3372
3373
3416
3372
3416
3415
3373
3374
3417
3373
3417
3416
3374
3375
3418
3374
3418
3417
3375
3376
3419
3375
3419
3418
3376
3377
3420
3376
3420
3419
3377
3378
3421
3377
3421
3420
3378
3379
3422
3378
3422
3421
3379
3380
3423
3379
3423
3422
3380
3381
3424
3380
3424
3423
3381
3382
3425
3381
3425
3424
3382
3383
3426
3382
3426
3425
3383
3384
3427
3383
3427
3426
3384
3385
3428
3384
3428
3427
3385
3386
3429
3385
3429
3428
3386
3387
3430
3386
3430
3429
3387
3388
3431
3387
3431
3430
3388
3389
3432
3388
3432
3431
3389
3390
3433
3389
3433
3432
3390
3391
3434
3390
3434
3433
3391
3392
3435
3391
3435
3434
3392
3393
3436
3392
3436
3435
3393
3394
3437
3393
3437
3436
3394
3395
3438
3394
3438
3437
3395
3396
3439
3395
3439
3438
3397
3398
3441
3397
3441
3440
3398
3399
3442
3398
3442
3441
3399
3400
3443
3399
3443
3442
3400
3401
3444
3400
3444
3443
3401
3402
3445
3401
3445
3444
3402
3403
3446
3402
3446
3445
3403
3404
3447
3403
3447
3446
3404
3405
3448
3404
3448
3447
3405
3406
3449
3405
3449
3448
3406
3407
3450
3406
3450
3449
3407
3408
3451
3407
3451
3450
3408
3409
3452
3408
3452
3451
3409
3410
3453
3409
3453
3452
3410
3411
3454
3410
3454
3453
3411
3412
3455
3411
3455
3454
3412
3413
3456
3412
3456
3455
3413
3414
3457
3413
3457
3456
3414
3415
3458
3414
3458
3457
3415
3416
3459
3415
3459
3458
3416
3417
3460
3416
3460
3459
3417
3418
3461
3417
3461
3460
3418
3419
3462
3418
3462
3461
3419
3420
3463
3419
3463
3462
3420
3421
3464
3420
3464
3463
3421
3422
3465
3421
3465
3464
3422
3423
3466
3422
3466
3465
3423
3424
3467
3423
3467
3466
3424
3425
3468
3424
3468
3467
3425
3426
3469
3425
3469
3468
3426
3427
3470
3426
3470
3469
3427
3428
3471
3427
3471
3470
3428
3429
3472
3428
3472
3471
3429
3430
3473
3429
3473
3472
3430
3431
3474
3430
3474
3473
3431
3432
3475
3431
3475
3474
3432
3433
3476
3432
3476
3475
3433
3434
3477
3433
3477
3476
3434
3435
3478
3434
3478
3477
3435
3436
3479
3435
3479
3478
3436
3437
3480
3436
3480
3479
3437
3438
3481
3437
3481
3480
3438
3439
3482
3438
3482
3481
3440
3441
3484
3440
3484
3483
3441
3442
3485
3441
3485
3484
3442
3443
3486
3442
3486
3485
3443
3444
3487
3443
3487
3486
3444
3445
3488
3444
3488
3487
3445
3446
3489
3445
3489
3488
3446
3447
3490
3446
3490
3489
3447
3448
3491
3447
3491
3490
3448
3449
3492
3448
3492
3491
3449
3450
3493
3449
3493
3492
3450
3451
3494
3450
3494
3493
3451
3452
3495
3451
3495
3494
3452
3453
3496
3452
3496
3495
3453
3454
3497
3453
3497
3496
3454
3455
3498
3454
3498
3497
3455
3456
3499
3455
3499
3498
3456
3457
3500
3456
3500
3499
3457
3458
3501
3457
3501
3500
3458
3459
3502
3458
3502
3501
3459
3460
3503
3459
3503
3502
3460
3461
3504
3460
3504
3503
3461
3462
3505
3461
3505
3504
3462
3463
3506
3462
3506
3505
3463
3464
3507
3463
3507
3506
3464
3465
3508
3464
3508
3507
3465
3466
3509
3465
3509
3508
3466
3467
3510
3466
3510
3509
3467
3468
3511
3467
3511
3510
3468
3469
3512
3468
3512
3511
3469
3470
3513
3469
3513
3512
3470
3471
3514
3470
3514
3513
3471
3472
3515
3471
3515
3514
3472
3473
3516
3472
3516
3515
3473
3474
3517
3473
3517
3516
3474
3475
3518
3474
3518
3517
3475
3476
3519
3475
3519
3518
3476
3477
3520
3476
3520
3519
3477
3478
3521
3477
3521
3520
3478
3479
3522
3478
3522
3521
3479
3480
3523
3479
3523
3522
3480
3481
3524
3480
3524
3523
3481
3482
3525
3481
3525
3524
3483
3484
3527
3483
3527
3526
3484
3485
3528
3484
3528
3527
3485
3486
3529
3485
3529
3528
3486
3487
3530
3486
3530
3529
3487
3488
3531
3487
3531
3530
3488
3489
3532
3488
3532
3531
3489
3490
3533
3489
3533
3532
3490
3491
3534
3490
3534
3533
3491
3492
3535
3491
3535
3534
3492
3493
3536
3492
3536
3535
3493
3494
3537
3493
3537
3536
3494
3495
3538
3494
3538
3537
3495
3496
3539
3495
3539
3538
3496
3497
3540
3496
3540
3539
3497
3498
3541
3497
3541
3540
3498
3499
3542
3498
3542
3541
3499
3500
3543
3499
3543
3542
3500
3501
3544
3500
3544
3543
3501
3502
3545
3501
3545
3544
3502
3503
3546
3502
3546
3545
3503
3504
3547
3503
3547
3546
3504
3505
3548
3504
3548
3547
3505
3506
3549
3505
3549
3548
3506
3507
3550
3506
3550
3549
3507
3508
3551
3507
3551
3550
3508
3509
3552
3508
3552
3551
3509
3510
3553
3509
3553
3552
3510
3511
3554
3510
3554
3553
3511
3512
3555
3511
3555
3554
3512
3513
3556
3512
3556
3555
3513
3514
3557
3513
3557
3556
3514
3515
3558
3514
3558
3557
3515
3516
3559
3515
3559
3558
3516
3517
3560
3516
3560
3559
3517
3518
3561
3517
3561
3560
3518
3519
3562
3518
3562
3561
3519
3520
3563
3519
3563
3562
3520
3521
3564
3520
3564
3563
3521
3522
3565
3521
3565
3564
3522
3523
3566
3522
3566
3565
3523
3524
3567
3523
3567
3566
3524
3525
3568
3524
3568
3567
3526
3527
3570
3526
3570
3569
3527
3528
3571
3527
3571
3570
3528
3529
3572
3528
3572
3571
3529
3530
3573
3529
3573
3572
3530
3531
3574
3530
3574
3573
3531
3532
3575
3531
3575
3574
3532
3533
3576
3532
3576
3575
3533
3534
3577
3533
3577
3576
3534
3535
3578
3534
3578
3577
3535
3536
3579
3535
3579
3578
3536
3537
3580
3536
3580
3579
3537
3538
3581
3537
3581
3580
3538
3539
3582
3538
3582
3581
3539
3540
3583
3539
3583
3582
3540
3541
3584
3540
3584
3583
3541
3542
3585
3541
3585
3584
3542
3543
3586
3542
3586
3585
3543
3544
3587
3543
3587
3586
3544
3545
3588
3544
3588
3587
3545
3546
3589
3545
3589
3588
3546
3547
3590
3546
3590
3589
3547
3548
3591
3547
3591
3590
3548
3549
3592
3548
3592
3591
3549
3550
3593
3549
3593
3592
3550
3551
3594
3550
3594
3593
3551
3552
3595
3551
3595
3594
3552
3553
3596
3552
3596
3595
3553
3554
3597
3553
3597
3596
3554
3555
3598
3554
3598
3597
3555
3556
3599
3555
3599
3598
3556
3557
3600
3556
3600
3599
3557
3558
3601
3557
3601
3600
3558
3559
3602
3558
3602
3601
3559
3560
3603
3559
3603
3602
3560
3561
3604
3560
3604
3603
3561
3562
3605
3561
3605
3604
3562
3563
3606
3562
3606
3605
3563
3564
3607
3563
3607
3606
3564
3565
3608
3564
3608
3607
3565
3566
3609
3565
3609
3608
3566
3567
3610
3566
3610
3609
3567
3568
3611
3567
3611
3610
3569
3570
3613
3569
3613
3612
3570
3571
3614
3570
3614
3613
3571
3572
3615
3571
3615
3614
3572
3573
3616
3572
3616
3615
3573
3574
3617
3573
3617
3616
3574
3575
3618
3574
3618
3617
3575
3576
3619
3575
3619
3618
3576
3577
3620
3576
3620
3619
3577
3578
3621
3577
3621
3620
3578
3579
3622
3578
3622
3621
3579
3580
3623
3579
3623
3622
3580
3581
3624
3580
3624
3623
3581
3582
3625
3581
3625
3624
3582
3583
3626
3582
3626
3625
3583
3584
3627
3583
3627
3626
3584
3585
3628
3584
3628
3627
3585
3586
3629
3585
3629
3628
3586
3587
3630
3586
3630
3629
3587
3588
3631
3587
3631
3630
3588
3589
3632
3588
3632
3631
3589
3590
3633
3589
3633
3632
3590
3591
3634
3590
3634
3633
3591
3592
3635
3591
3635
3634
3592
3593
3636
3592
3636
3635
3593
3594
3637
3593
3637
3636
3594
3595
3638
3594
3638
3637
3595
3596
3639
3595
3639
3638
3596
3597
3640
3596
3640
3639
3597
3598
3641
3597
3641
3640
3598
3599
3642
3598
3642
3641
3599
3600
3643
3599
3643
3642
3600
3601
3644
3600
3644
3643
3601
3602
3645
3601
3645
3644
3602
3603
3646
3602
3646
3645
3603
3604
3647
3603
3647
3646
3604
3605
3648
3604
3648
3647
3605
3606
3649
3605
3649
3648
3606
3607
3650
3606
3650
3649
3607
3608
3651
3607
3651
3650
3608
3609
3652
3608
3652
3651
3609
3610
3653
3609
3653
3652
3610
3611
3654
3610
3654
3653
3612
3613
3656
3612
3656
3655
3613
3614
3657
3613
3657
3656
3614
3615
3658
3614
3658
3657
3615
3616
3659
3615
3659
3658
3616
3617
3660
3616
3660
3659
3617
3618
3661
3617
3661
3660
3618
3619
3662
3618
3662
3661
3619
3620
3663
3619
3663
3662
3620
3621
3664
3620
3664
3663
3621
3622
3665
3621
3665
3664
3622
3623
3666
3622
3666
3665
3623
3624
3667
3623
3667
3666
3624
3625
3668
3624
3668
3667
3625
3626
3669
3625
3669
3668
3626
3627
3670
3626
3670
3669
3627
3628
3671
3627
3671
3670
3628
3629
3672
3628
3672
3671
3629
3630
3673
3629
3673
3672
3630
3631
3674
3630
3674
3673
3631
3632
3675
3631
3675
3674
3632
3633
3676
3632
3676
3675
3633
3634
3677
3633
3677
3676
3634
3635
3678
3634
3678
3677
3635
3636
3679
3635
3679
3678
3636
3637
3680
3636
3680
3679
3637
3638
3681
3637
3681
3680
3638
3639
3682
3638
3682
3681
3639
3640
3683
3639
3683
3682
3640
3641
3684
3640
3684
3683
3641
3642
3685
3641
3685
3684
3642
3643
3686
3642
3686
3685
3643
3644
3687
3643
3687
3686
3644
3645
3688
3644
3688
3687
3645
3646
3689
3645
3689
3688
3646
3647
3690
3646
3690
3689
3647
3648
3691
3647
3691
3690
3648
3649
3692
3648
3692
3691
3649
3650
3693
3649
3693
3692
3650
3651
3694
3650
3694
3693
3651
3652
3695
3651
3695
3694
3652
3653
3696
3652
3696
3695
3653
3654
3697
3653
3697
3696